100
1 1
540 600
840 900
2 0
900 1260
180 540
1 1
1439 1440
0 1
0 2
1085 1092
1092 1440
2 0
728 983
550 728
2 0
1143 1440
220 271
2 0
1080 1430
10 360
2 0
1107 1151
1151 1440
1 1
859 1402
1402 1416
0 2
239 574
1308 1440
0 2
1294 1440
925 1294
0 2
121 250
1415 1440
2 0
986 1171
1371 1440
0 2
1424 1440
1291 1424
2 0
0 1
1439 1440
0 2
1080 1440
10 360
1 1
611 867
867 1440
1 1
217 499
131 217
0 2
422 849
849 961
0 2
1439 1440
0 1
0 2
1349 1418
1005 1349
2 0
445 765
790 1089
1 1
1026 1104
1316 1440
2 0
763 1084
1231 1440
1 0
960 1380
1 0
494 1075
1 1
799 1440
512 799
0 2
11 361
1080 1440
0 2
757 903
903 1440
0 2
460 506
881 1440
2 0
1113 1440
1036 1113
2 0
1426 1440
1207 1426
2 0
873 996
813 873
2 0
1437 1440
685 791
2 0
1079 1429
10 360
2 0
494 606
606 776
2 0
975 1316
1316 1440
0 2
958 1215
896 958
0 2
910 1232
494 861
2 0
1161 1440
395 454
0 2
540 900
179 539
0 1
1026 1440
1 0
1130 1440
1 1
1235 1440
1032 1235
1 0
832 1428
2 0
1079 1429
0 360
2 0
1115 1189
1189 1440
1 0
353 627
0 2
950 1043
1043 1440
2 0
521 624
179 521
2 0
0 360
1080 1430
0 1
1149 1418
0 2
1099 1437
1437 1440
1 1
0 1
1439 1440
0 2
180 540
541 901
1 0
909 1440
1 0
1405 1416
1 0
1183 1440
2 0
244 347
1136 1440
0 1
1052 1440
0 2
1065 1232
1232 1440
0 2
1038 1365
1365 1440
2 0
11 361
1080 1430
2 0
795 998
998 1440
1 0
1138 1440
2 0
907 1440
848 907
2 0
765 1053
1053 1440
2 0
1170 1232
1232 1440
2 0
193 647
986 1133
0 1
677 897
1 1
1314 1440
1002 1038
0 2
848 1036
1036 1440
0 2
906 968
968 1440
2 0
1243 1440
572 931
2 0
701 1132
1132 1195
0 2
518 1067
441 518
2 0
1051 1440
804 1051
1 1
906 993
993 1055
2 0
1232 1440
1206 1232
2 0
1091 1440
571 654
2 0
839 884
1033 1440
2 0
1415 1440
818 1085
0 2
1310 1440
446 875
0 2
1230 1256
875 1150
1 0
1406 1440
0 2
881 882
531 881
0 2
481 568
1030 1141
1 1
4 414
414 777
0 2
343 586
1041 1440
2 0
1160 1440
159 316
0 1
466 670
0 2
0 360
1080 1440
0 2
180 540
540 900
0 2
1309 1440
140 165
2 0
1059 1440
866 1059
2 0
1327 1440
960 1327
2 0
1209 1440
797 1209
0 2
1236 1369
1401 1440
2 0
1061 1440
714 745
0 2
574 1074
1233 1440
