5
583 582
1 279
280 449
80 568
29 528
101 173
162 332
101 168
127 307
98 219
110 555
358 565
309 376
87 564
158 232
256 580
443 565
188 285
195 309
180 316
275 407
384 518
370 439
80 202
386 428
15 400
12 207
105 259
312 459
207 224
348 366
130 484
72 361
198 440
233 571
16 289
141 559
415 540
347 357
228 440
368 483
81 356
313 531
17 27
299 507
349 577
163 547
353 383
48 529
420 529
68 563
303 536
229 448
138 554
106 274
102 425
195 406
44 92
79 174
28 553
34 159
93 357
71 400
265 320
83 225
17 143
355 553
164 580
262 329
161 345
6 107
185 257
39 260
71 96
36 546
121 500
78 269
91 243
140 170
327 330
13 322
139 200
14 451
47 163
181 326
452 547
161 164
181 257
135 417
158 236
90 329
8 577
19 70
348 350
556 558
310 371
210 384
18 150
125 533
81 134
192 322
408 443
201 457
9 245
323 510
105 363
445 457
183 453
221 263
83 177
438 482
258 363
143 148
134 566
57 216
12 50
140 402
169 344
223 302
209 493
76 253
188 511
49 374
93 138
371 574
78 249
394 455
552 561
196 485
327 383
168 436
295 466
84 362
46 250
305 463
109 496
73 259
115 375
122 218
216 226
160 331
70 481
209 512
241 560
118 423
27 450
234 407
132 430
456 469
315 528
41 332
178 444
49 338
192 231
214 366
252 428
147 468
76 258
267 295
117 431
25 261
219 536
279 308
61 417
368 488
372 411
367 396
166 391
315 342
159 175
335 518
288 538
124 497
211 352
40 472
103 120
19 89
238 249
34 229
318 501
393 551
20 208
43 62
52 515
499 541
354 519
58 486
538 570
282 545
69 466
2 234
313 581
471 537
244 403
487 575
57 413
97 110
293 422
167 289
151 415
230 479
393 414
379 465
250 517
108 447
421 464
103 390
404 418
215 339
65 377
60 175
401 525
182 413
418 573
149 535
44 509
426 505
260 261
129 421
116 204
176 507
291 355
137 412
46 483
217 429
218 292
255 376
84 253
266 362
206 365
395 489
317 416
54 434
122 402
377 513
321 446
358 574
193 490
154 202
171 521
183 298
174 241
2 129
153 382
55 572
283 325
9 74
61 530
399 578
152 341
155 305
351 539
98 310
351 497
64 130
94 533
14 272
427 478
464 562
271 360
15 18
199 503
394 480
281 498
186 191
82 520
337 382
232 385
154 343
211 509
298 317
107 410
149 576
238 409
89 155
345 364
212 359
136 522
411 490
7 214
119 189
267 575
223 544
392 568
13 524
206 380
246 408
32 197
157 552
228 302
373 566
63 173
468 527
406 500
233 478
11 523
184 278
65 555
64 88
286 426
243 403
196 360
127 242
454 463
492 543
28 185
4 433
282 455
178 204
99 476
374 435
50 409
242 452
32 264
462 487
144 291
10 442
106 314
79 304
120 292
347 391
29 254
115 301
133 296
24 515
86 458
301 481
388 396
131 352
75 205
22 132
340 486
212 266
346 506
68 86
118 389
339 495
72 573
100 270
287 550
179 203
290 535
35 43
502 505
66 513
20 420
274 548
85 179
102 387
284 460
222 495
306 520
220 523
87 436
290 378
55 570
112 405
340 484
349 496
526 559
111 306
187 324
119 557
434 582
92 359
441 442
135 354
333 504
237 451
198 372
353 501
100 321
128 194
77 126
280 550
201 251
187 546
226 462
319 346
73 491
388 423
145 567
45 477
326 389
392 569
269 390
369 458
85 113
519 532
268 437
255 517
52 53
146 160
337 532
312 472
4 239
5 424
58 364
320 342
319 556
59 197
373 414
247 416
474 576
37 461
235 554
99 136
170 270
273 549
450 473
23 271
31 121
378 419
26 91
95 334
39 304
144 499
30 522
45 471
1 405
113 142
385 404
33 74
5 296
90 104
95 190
126 335
493 581
246 256
284 504
542 551
37 54
438 578
283 485
77 247
245 367
350 446
210 293
530 569
208 508
63 542
240 564
147 431
30 370
131 203
67 537
117 165
108 148
97 222
38 460
314 479
75 194
53 571
512 524
281 453
331 467
344 399
323 398
286 473
299 369
36 395
35 341
217 297
56 525
215 278
139 171
51 235
511 521
448 470
489 539
59 439
544 558
16 333
24 42
427 541
182 583
133 263
38 330
123 294
328 563
491 579
386 412
56 567
236 492
184 300
240 557
356 430
244 527
111 276
276 375
381 456
62 237
190 397
51 60
248 503
480 531
177 324
449 477
125 494
176 273
189 432
69 262
288 475
137 199
308 562
186 516
191 444
545 560
265 277
311 543
325 441
123 514
21 540
252 514
165 476
145 549
22 180
227 336
213 534
334 445
94 220
225 461
42 488
454 582
25 307
275 303
6 146
104 432
114 467
23 380
156 508
88 300
82 166
114 475
268 548
124 494
41 465
437 510
213 285
31 128
272 482
221 534
157 572
387 447
318 561
297 433
11 40
10 294
152 435
47 66
96 116
193 316
200 227
264 419
141 156
112 361
410 526
26 498
205 425
398 401
230 239
172 365
343 474
224 248
8 231
150 153
287 397
21 424
3 338
162 172
48 506
469 516
459 583
311 336
3 151
470 579
169 429
33 251
67 379
167 254
328 381
277 502
7 422
593 1015
23 105
118 393
112 317
246 385
85 131
61 551
30 592
147 256
121 262
253 546
101 302
261 589
22 47
181 576
118 201
234 394
217 418
187 492
242 569
168 306
204 438
152 488
181 377
264 457
151 200
240 350
311 561
8 120
289 413
126 569
15 91
169 180
139 253
390 559
476 575
42 507
54 228
104 548
57 135
236 493
291 322
397 442
121 473
88 542
316 421
96 247
172 195
381 504
161 379
31 251
100 429
108 421
491 555
276 475
222 437
316 335
286 501
82 569
237 510
66 78
38 287
45 377
367 402
269 451
202 585
114 293
53 135
259 569
178 358
193 366
140 273
1 431
56 156
52 416
260 456
116 433
61 574
154 573
279 285
161 309
163 194
144 304
381 544
29 472
159 558
268 298
22 559
163 495
16 204
14 356
81 376
155 271
193 486
108 367
162 258
258 483
170 277
2 147
130 376
39 538
540 562
149 209
154 360
46 565
99 521
49 58
19 521
9 545
139 255
144 588
83 453
395 408
97 563
77 558
387 552
530 541
190 570
79 375
549 566
95 448
104 421
49 367
320 427
91 197
94 467
383 500
439 572
467 562
7 398
312 360
489 526
193 230
36 341
389 469
19 306
428 577
344 403
162 410
93 451
137 441
39 423
268 410
105 293
145 584
329 351
85 120
141 512
38 479
272 395
409 484
553 588
15 22
201 339
473 555
68 218
67 591
253 413
136 270
48 121
69 537
183 255
297 510
45 242
98 237
6 473
295 395
216 512
44 143
569 585
78 538
2 210
12 241
58 60
37 517
185 190
67 428
334 474
327 332
101 264
21 468
198 366
52 491
199 299
198 215
439 569
216 487
166 502
217 220
272 413
280 331
18 59
518 529
51 253
65 505
312 353
156 236
218 416
310 424
513 546
115 121
49 426
321 526
238 311
18 158
104 245
27 570
90 181
94 130
48 262
141 486
87 194
506 583
96 371
189 358
380 569
355 563
21 562
318 409
138 479
129 380
297 391
483 491
68 338
307 426
277 378
242 356
29 243
449 573
50 507
507 508
269 402
248 556
24 318
8 463
282 529
170 525
85 122
93 359
323 357
266 415
102 572
465 467
94 302
126 280
152 166
136 354
27 480
264 391
516 567
108 407
451 575
579 593
245 531
1 522
405 513
248 349
4 174
128 495
156 401
99 167
113 536
16 386
302 540
112 517
131 251
179 435
350 501
15 258
293 549
79 347
20 589
33 445
436 543
265 270
264 376
98 391
391 467
101 201
100 166
202 229
274 576
365 479
418 442
211 535
399 535
208 469
5 65
227 314
4 203
206 557
110 200
279 588
7 76
359 482
7 459
102 432
225 272
123 396
139 544
138 274
161 244
175 186
382 593
156 279
38 493
148 471
414 487
289 555
258 272
495 587
308 584
14 522
334 445
163 198
47 471
368 583
281 592
28 241
376 548
49 476
191 477
134 569
149 498
437 570
35 254
118 356
440 445
362 568
79 158
231 419
75 346
243 504
41 433
169 416
349 480
118 237
154 346
118 376
82 127
158 243
181 541
211 257
121 249
572 573
520 566
148 454
426 460
200 354
94 510
98 339
152 424
276 424
247 251
348 591
13 286
110 396
63 527
156 285
133 196
158 398
180 562
400 429
342 546
146 528
331 356
530 543
304 482
198 459
404 538
205 490
388 458
70 202
251 275
295 449
12 36
402 451
197 437
82 228
54 365
17 484
370 511
75 274
498 560
263 381
144 356
23 581
116 222
182 454
25 249
71 461
193 528
76 121
158 342
111 223
481 504
101 524
75 485
333 494
210 576
44 294
437 514
260 425
14 122
194 491
330 499
91 137
101 237
379 581
363 443
79 272
106 275
571 588
175 519
288 482
25 327
344 520
223 250
18 433
151 453
72 412
305 556
253 525
238 265
104 316
179 502
119 384
54 375
337 371
180 339
280 548
308 404
96 478
164 240
187 533
198 427
207 257
307 421
342 362
74 476
42 56
81 457
73 126
171 188
147 210
470 516
247 427
232 492
84 592
173 296
252 299
59 106
460 476
320 524
543 576
110 416
70 356
139 401
189 461
30 181
169 438
276 536
335 407
34 239
73 347
365 548
265 333
337 501
281 377
475 488
99 569
345 570
406 539
185 451
214 515
97 522
94 465
170 279
70 365
341 452
245 426
95 183
202 334
263 586
518 572
392 427
5 548
133 343
233 354
130 180
355 423
245 335
300 415
127 145
199 319
132 587
46 422
177 306
426 585
195 450
305 338
196 278
209 409
75 119
221 509
2 30
264 562
30 235
152 231
405 481
66 75
26 215
353 557
79 365
291 514
24 116
121 128
180 264
19 35
60 548
92 210
396 456
180 467
81 118
408 500
185 575
236 424
206 212
190 527
236 405
249 587
527 529
189 543
14 387
115 392
329 352
138 585
70 384
506 508
185 407
477 483
138 503
64 380
200 459
1 449
486 496
359 454
40 502
100 425
270 453
121 247
328 425
481 503
104 269
367 421
347 569
446 498
76 558
234 504
315 547
90 481
269 316
204 491
279 568
51 304
188 324
274 584
82 274
176 511
39 534
88 233
273 554
29 380
138 145
132 417
466 569
23 379
308 466
245 271
213 248
447 574
236 464
104 367
153 243
42 372
322 416
457 465
18 548
169 482
45 570
245 269
379 405
6 289
9 160
305 325
212 449
4 266
30 576
86 564
349 376
322 483
165 482
72 324
42 525
126 190
125 192
387 569
109 356
226 553
52 386
155 215
29 229
114 467
180 339
263 494
221 414
96 272
375 549
530 592
13 409
239 454
224 373
277 301
134 404
43 291
118 376
123 514
292 356
322 410
217 368
280 527
182 381
383 555
193 487
49 421
74 407
169 523
27 55
124 165
288 551
186 449
331 438
549 576
455 519
107 217
13 48
165 464
529 569
100 209
465 540
314 586
399 514
259 434
169 288
219 533
91 290
290 582
325 587
374 387
130 264
351 411
149 392
350 437
217 301
137 216
103 157
143 458
81 376
418 568
86 436
313 493
291 478
97 379
6 249
284 446
455 572
396 495
210 436
398 539
480 527
202 563
3 252
363 404
153 471
269 421
477 509
182 532
300 550
213 292
168 393
373 439
28 561
149 247
381 537
94 302
547 565
103 420
83 411
115 149
147 377
109 232
569 570
11 564
526 577
505 564
284 435
340 412
10 532
134 287
505 592
443 485
514 582
61 362
376 391
150 336
286 298
401 571
126 493
169 331
17 384
197 300
136 329
102 590
50 310
142 580
190 493
78 363
190 384
185 421
237 465
69 112
47 497
84 403
31 247
266 374
208 261
480 526
285 401
121 227
286 413
62 575
310 418
271 383
369 481
65 436
222 386
140 496
297 457
311 500
98 302
77 295
81 264
468 474
164 318
182 190
346 529
170 301
150 164
64 398
415 581
185 245
168 467
214 553
221 500
98 297
101 540
166 338
281 530
342 551
37 142
259 504
311 554
25 400
3 120
166 198
20 357
289 337
158 202
393 471
41 370
372 506
280 549
219 385
80 275
162 366
379 527
129 326
510 524
73 336
379 434
367 421
391 524
148 379
394 419
148 206
305 437
326 405
30 181
376 510
89 360
57 490
207 371
320 399
203 345
167 191
114 282
281 564
451 531
236 475
335 451
337 338
230 328
166 286
395 564
33 472
334 455
217 447
244 474
55 146
17 489
83 354
50 276
38 585
40 542
579 580
149 193
376 562
71 545
272 555
59 63
247 331
7 110
171 430
346 534
249 409
448 551
358 369
32 315
361 582
89 439
5 153
55 428
433 570
99 176
38 375
134 538
182 511
54 529
19 365
7 566
310 537
177 340
201 524
33 432
127 466
239 276
202 346
60 74
255 397
331 552
276 401
575 588
58 108
297 339
289 523
201 391
62 343
334 405
509 528
166 337
117 332
113 394
122 248
31 484
104 426
178 463
209 268
14 367
224 532
178 388
14 322
222 263
350 470
309 445
254 364
29 572
108 335
237 465
358 569
138 356
11 592
87 361
42 575
19 585
146 324
163 341
167 262
53 323
264 391
107 170
410 556
267 431
173 462
405 527
26 96
107 372
47 441
157 499
278 387
66 138
61 553
118 540
552 567
272 356
105 294
148 153
180 264
454 539
452 586
122 428
220 515
5 242
349 489
119 440
117 560
283 285
51 442
238 497
56 544
94 101
121 278
239 301
180 264
106 554
567 587
246 296
376 562
230 501
345 430
378 447
338 514
90 317
233 487
10 274
90 192
450 578
14 67
78 145
24 184
292 349
551 571
188 320
119 519
113 226
410 446
183 362
479 503
32 250
235 541
444 559
75 434
426 460
280 481
31 213
238 550
70 518
459 528
283 513
174 336
224 493
80 160
316 451
240 325
541 543
237 376
289 496
87 487
242 585
375 405
159 227
371 390
317 369
319 504
426 531
272 286
234 397
11 225
326 364
247 298
248 321
43 552
353 423
382 389
2 181
529 539
245 307
172 205
101 339
459 556
220 525
29 244
303 422
42 583
306 375
434 503
214 381
417 486
163 198
84 86
365 585
14 98
41 405
54 352
6 321
420 462
111 330
449 992
1 339
194 327
177 296
169 335
32 195
71 72
113 336
83 125
216 408
20 49
190 346
326 393
30 57
86 403
408 412
42 240
271 362
247 283
43 345
38 362
7 176
43 326
132 420
306 435
44 68
275 326
167 353
9 420
22 218
127 438
238 296
156 390
276 282
162 229
194 199
137 407
93 328
102 129
94 201
43 229
313 349
229 292
139 300
61 420
117 141
103 288
418 447
270 327
7 360
239 381
5 119
175 193
127 199
154 247
10 311
198 247
176 203
169 420
23 413
273 288
23 214
130 237
61 326
48 71
246 345
277 427
137 236
221 419
105 435
158 344
64 327
131 264
144 332
251 401
154 194
101 288
127 282
51 295
54 360
42 81
202 406
196 392
264 307
336 388
291 379
137 307
225 432
287 411
137 316
43 326
198 382
52 63
246 327
415 442
137 156
411 425
41 69
173 292
194 199
127 275
61 439
282 315
64 156
64 327
273 288
158 281
395 421
106 445
303 434
154 236
361 410
153 177
210 215
229 247
69 366
136 249
16 302
91 218
34 417
398 437
228 433
162 216
108 330
168 256
119 376
148 416
208 374
61 313
64 407
267 318
328 405
229 349
92 123
273 346
341 368
72 217
51 434
21 90
313 327
298 363
61 252
160 266
99 188
75 355
216 236
230 368
145 448
75 273
111 121
149 340
109 224
171 212
189 358
414 421
115 350
112 208
187 269
196 317
198 276
17 373
53 265
31 385
370 431
131 194
246 316
137 372
107 160
343 380
64 199
162 239
248 307
64 282
5 58
70 95
61 292
141 243
198 229
349 381
427 437
162 412
61 313
137 173
96 297
402 425
26 253
114 413
224 254
136 166
194 307
183 275
12 271
13 154
275 382
239 275
108 427
127 156
247 264
308 384
136 152
38 92
116 364
338 421
349 439
121 213
137 345
159 231
173 349
61 276
4 225
127 316
77 127
7 168
85 134
407 408
64 407
198 239
136 335
37 140
78 366
252 307
67 369
264 313
264 283
144 370
131 327
117 338
248 390
46 273
77 137
341 359
153 325
252 275
162 252
172 289
148 302
77 372
183 264
127 307
89 195
28 186
134 421
105 394
88 166
205 291
110 319
203 218
77 252
353 449
152 410
236 372
214 431
10 113
161 208
3 187
8 212
294 331
255 375
131 408
176 279
51 358
223 397
41 66
313 408
306 369
250 274
254 440
84 325
61 229
305 335
11 347
147 178
183 408
137 327
216 390
345 372
154 313
135 280
206 363
162 247
128 424
132 351
154 239
130 201
22 416
43 292
216 283
199 382
88 111
313 372
162 173
248 393
43 173
17 110
231 416
243 444
101 259
162 276
239 264
44 215
209 443
264 412
64 283
229 282
127 282
201 302
79 258
11 395
176 421
217 322
106 258
198 247
219 364
199 246
216 236
81 235
194 283
135 324
204 331
45 365
207 389
13 292
132 387
147 430
318 444
120 377
127 236
396 446
285 447
286 319
270 372
105 138
6 330
74 92
173 327
23 306
172 301
103 415
162 326
203 237
143 231
32 107
390 438
345 393
35 278
27 30
313 316
112 419
38 435
137 154
25 429
126 424
194 372
38 272
131 407
128 426
16 148
239 315
273 346
182 398
33 242
105 330
56 337
127 393
259 344
316 382
59 367
137 390
178 235
16 218
244 383
102 122
361 407
246 275
146 306
13 248
205 273
162 276
77 313
179 357
387 415
18 167
216 270
6 163
276 307
73 267
77 173
321 428
138 421
121 361
159 192
191 355
154 276
71 340
141 321
218 416
38 330
6 416
261 370
247 390
276 282
179 220
157 245
216 327
191 234
393 412
43 313
292 438
334 337
347 416
43 412
6 105
77 239
61 248
347 421
273 442
257 272
64 275
247 390
141 201
137 283
150 284
13 229
77 315
173 327
80 203
49 284
315 382
96 111
216 393
270 307
264 313
138 395
246 438
221 402
50 226
300 441
155 388
207 409
170 260
43 315
144 427
198 412
154 239
122 311
206 347
35 55
40 108
64 264
83 431
105 231
206 431
58 76
194 349
333 414
2 3
334 431
100 362
62 86
185 399
20 71
80 271
199 327
235 294
152 190
118 314
203 298
133 417
200 272
149 284
204 255
243 256
194 282
58 205
158 166
87 242
222 434
189 285
302 330
216 372
87 240
194 283
237 427
247 372
283 313
94 98
194 390
243 306
36 84
238 342
292 307
129 373
216 407
413 437
28 410
8 193
199 326
211 400
61 137
228 416
104 184
162 270
345 393
115 399
326 327
130 174
43 313
77 313
275 393
61 412
240 397
210 400
4 203
401 425
62 263
44 312
45 243
173 282
131 307
247 390
74 362
234 305
217 376
82 164
22 38
288 340
64 236
156 173
127 198
137 372
270 390
95 423
246 252
16 146
156 194
80 369
327 382
305 393
306 318
162 247
224 272
194 283
275 313
134 262
166 335
173 390
16 91
13 292
156 292
133 265
279 444
270 381
345 372
299 435
43 276
315 438
1 96
12 427
124 268
115 427
181 337
276 390
11 243
173 307
173 372
123 139
229 407
109 433
80 260
229 408
91 168
187 407
213 308
406 423
154 270
169 217
224 271
76 169
114 441
162 412
173 327
175 251
20 136
24 126
316 439
327 382
79 202
275 345
37 330
64 438
438 439
203 363
408 412
66 429
125 176
173 372
162 252
132 305
219 230
159 279
144 228
46 305
310 359
92 168
156 315
47 159
174 188
91 347
282 349
14 379
227 257
13 137
180 245
163 243
64 154
65 104
159 271
186 375
286 340
315 316
13 131
232 320
147 339
353 373
19 82
329 405
247 349
234 415
313 349
270 372
111 311
77 198
43 282
228 431
438 439
201 413
246 349
21 401
4 67
75 152
260 298
154 270
116 323
284 346
9 149
23 350
156 239
266 325
131 307
413 427
235 379
247 283
239 439
25 124
242 301
147 158
53 244
236 313
80 125
131 372
376 379
15 312
326 438
276 390
272 348
201 432
315 372
234 249
43 156
43 252
19 232
246 316
36 445
68 352
52 99
250 391
37 197
276 313
58 223
146 354
276 327
43 247
154 292
27 310
127 154
156 216
275 412
292 407
123 228
173 307
122 404
154 173
192 428
100 330
70 185
97 263
162 283
102 353
101 119
173 390
98 377
93 371
5 430
29 233
246 264
252 264
241 394
315 390
60 440
64 326
270 390
214 228
131 327
216 349
330 347
33 151
247 393
91 306
39 122
61 307
83 363
282 326
129 340
307 313
201 409
162 252
198 252
199 439
13 199
216 326
77 246
55 389
64 275
223 290
55 141
127 390
48 149
6 218
51 90
327 345
216 407
157 330
305 387
105 421
11 427
45 47
194 381
203 337
77 276
280 396
54 56
316 393
198 351
127 199
50 402
155 385
77 137
234 276
137 156
191 205
145 446
260 431
64 408
408 438
137 327
229 390
309 356
146 435
252 283
45 201
12 182
156 270
276 283
348 422
192 304
178 449
163 306
286 322
15 392
13 313
65 297
13 194
226 287
60 140
147 289
18 436
67 105
59 142
362 427
127 275
29 332
416 427
253 293
77 194
171 394
407 439
183 439
228 256
165 414
163 170
269 343
127 313
61 316
14 76
295 411
313 372
252 307
56 304
3 17
16 157
164 367
50 418
307 345
173 390
315 408
31 378
211 220
14 149
271 363
327 381
77 173
154 270
342 356
47 165
108 227
194 275
206 421
268 378
173 407
17 75
390 439
45 261
148 416
161 287
194 381
153 211
147 290
309 448
181 200
24 120
312 374
307 315
34 317
251 425
92 416
38 218
43 252
183 252
154 345
39 110
323 336
17 235
43 216
2 384
176 365
131 412
256 314
315 407
127 274
170 432
176 347
183 282
205 273
358 401
13 246
137 372
184 289
40 114
162 412
239 390
248 276
345 393
261 413
63 105
119 235
326 372
246 390
315 372
252 327
77 183
247 275
316 439
301 397
216 438
74 176
326 327
150 335
261 277
383 418
229 264
354 433
248 270
72 380
303 357
199 292
233 262
13 439
13 439
288 291
291 403
105 165
12 203
390 412
20 113
327 382
194 307
65 151
173 393
26 324
281 436
80 203
67 298
49 169
100 214
197 365
119 291
270 282
137 381
38 302
241 299
78 97
118 348
156 183
77 183
154 412
38 271
190 291
330 395
64 154
154 382
154 276
134 338
63 85
292 307
216 327
61 131
329 443
89 320
391 426
64 382
64 408
156 412
147 184
170 176
138 201
22 437
16 188
80 201
129 449
200 201
84 209
262 278
138 180
270 438
316 382
6 330
243 334
173 393
199 412
127 283
81 319
64 307
408 439
277 334
198 313
73 386
21 142
244 352
218 421
198 239
252 393
33 76
49 442
315 381
12 302
43 270
161 222
39 290
349 412
39 404
333 386
159 243
16 365
198 246
264 439
194 247
143 237
162 407
229 283
236 326
38 83
157 231
101 404
427 426
1 347
1 19
2 55
3 318
3 183
4 80
4 301
4 254
4 190
5 322
5 391
5 288
5 393
5 193
6 277
6 270
6 119
7 228
7 197
7 10
8 402
8 162
9 112
9 392
10 55
10 101
11 36
12 300
13 45
13 212
13 136
14 303
14 242
14 209
15 275
16 37
17 263
18 53
19 77
19 91
20 73
20 400
20 316
21 374
22 348
23 134
23 257
24 138
25 217
26 45
27 241
27 96
27 160
28 82
29 416
29 199
30 347
31 46
32 139
33 350
34 126
35 223
35 279
36 372
36 355
37 189
38 400
39 206
39 146
40 311
40 122
40 346
40 183
40 84
41 63
41 133
41 178
41 157
42 248
42 335
42 225
42 421
43 141
44 292
46 111
47 162
47 98
47 153
48 129
48 228
49 98
50 59
51 349
51 57
51 411
51 389
52 365
53 295
53 190
53 423
54 290
54 95
55 262
56 139
57 368
57 278
58 94
58 376
59 360
59 130
59 172
59 424
59 227
59 223
60 266
61 82
62 308
63 267
64 393
65 89
65 280
65 97
66 102
66 404
67 137
67 160
67 144
67 184
67 142
68 348
69 265
69 274
70 136
70 120
70 178
71 187
71 383
72 130
74 285
75 122
76 222
77 120
77 206
78 404
79 121
79 279
79 274
81 365
81 369
81 358
82 311
82 230
83 96
84 236
85 240
85 270
85 170
86 324
87 184
88 323
90 387
91 158
91 327
91 104
92 333
92 168
92 174
92 208
92 353
92 156
92 408
92 343
93 290
95 231
95 363
95 348
96 191
97 412
97 249
97 173
97 320
98 354
98 427
99 396
100 179
100 141
100 125
102 259
102 179
102 118
102 127
102 158
102 126
103 247
105 294
106 250
106 252
107 221
108 228
108 169
109 162
109 113
110 202
110 411
111 374
112 361
112 250
112 256
113 218
114 175
115 305
116 426
116 124
117 222
119 176
120 305
120 371
122 309
123 395
126 378
126 217
126 255
127 275
128 337
128 186
131 197
132 407
133 292
133 264
135 252
136 310
136 399
137 163
137 237
138 294
138 390
139 383
139 387
139 402
140 332
142 175
143 348
145 403
145 176
145 400
147 332
147 409
147 236
148 381
149 202
150 337
151 259
152 387
154 217
155 316
155 386
155 194
156 418
157 312
159 426
159 411
159 229
160 384
160 407
161 211
164 378
165 362
166 387
166 181
167 332
168 243
169 215
171 373
171 173
171 406
173 426
176 239
176 381
176 370
176 326
177 412
180 222
180 265
180 235
182 259
183 189
184 224
184 300
184 331
185 290
187 345
188 334
188 301
190 213
190 245
190 408
190 319
192 270
193 356
193 398
193 296
195 241
196 261
197 375
197 269
198 265
200 294
201 282
201 287
203 232
204 299
204 304
205 353
207 310
210 260
210 340
211 225
214 413
214 361
215 306
216 261
219 230
220 340
220 374
221 287
223 233
225 228
225 405
225 376
226 359
226 293
228 367
230 424
230 342
232 322
234 419
238 335
238 419
238 348
240 365
242 313
244 311
246 414
246 284
246 273
247 336
247 330
247 283
247 385
247 313
249 291
250 386
250 345
250 328
251 300
253 303
255 302
255 362
257 400
258 416
258 420
258 302
258 401
259 268
261 319
261 291
263 390
264 379
265 407
266 358
271 350
271 290
272 343
273 341
273 409
273 359
273 323
276 332
277 417
279 380
281 355
282 308
285 313
286 331
287 374
288 325
289 353
294 335
297 300
298 392
299 348
300 353
300 422
302 358
303 364
305 398
307 337
308 357
308 352
308 389
313 395
314 411
314 388
315 411
317 354
320 396
321 425
321 387
324 364
329 369
331 351
336 377
337 383
338 378
339 378
344 371
347 397
349 382
350 374
354 364
356 375
357 415
364 372
366 408
383 394
405 410
563 562
1 516
2 280
2 376
3 132
4 95
4 555
5 165
6 397
7 69
8 387
9 416
10 120
10 177
11 222
11 239
11 362
11 45
12 402
12 444
12 66
13 350
13 477
13 499
13 250
13 303
13 509
13 550
13 450
14 365
15 41
16 288
16 520
17 347
17 519
17 217
18 186
19 393
19 124
19 143
19 481
20 557
21 286
21 480
22 351
23 439
23 390
24 429
25 137
26 98
26 269
26 419
27 132
27 210
27 354
27 483
28 230
28 226
28 425
28 556
29 238
29 128
29 533
29 318
30 92
31 550
32 325
33 493
34 104
34 369
35 69
36 43
37 348
38 394
39 76
40 256
41 229
41 109
41 312
41 534
41 529
42 419
43 313
43 409
44 405
46 176
47 230
48 414
48 269
48 326
48 352
48 334
49 492
50 69
51 125
51 368
51 374
51 340
52 383
52 374
53 304
53 224
53 488
54 242
55 360
55 221
55 273
56 110
56 216
56 118
56 166
57 502
58 336
59 431
59 465
60 562
61 413
61 234
61 396
62 108
63 443
64 285
65 526
65 360
66 236
66 412
66 405
67 460
67 546
67 244
67 203
67 391
68 302
68 557
69 239
69 227
69 457
70 464
70 389
71 430
71 460
72 292
72 349
73 443
74 320
75 295
76 265
76 235
76 122
76 116
76 324
77 514
78 473
78 427
79 190
80 426
80 493
81 534
82 217
83 134
84 269
84 96
84 343
85 274
86 117
86 545
87 518
87 472
87 482
88 396
89 324
89 185
90 487
91 507
91 277
91 472
91 412
92 297
92 398
93 555
94 160
94 450
96 293
97 262
97 169
98 234
98 515
98 382
99 142
100 107
100 278
101 333
102 499
102 113
102 234
103 559
103 106
103 349
103 459
104 450
105 211
105 119
108 333
109 112
109 307
109 497
109 472
109 432
110 301
111 416
114 488
115 460
116 428
116 359
116 124
117 390
117 428
118 435
118 317
119 261
120 505
121 217
122 470
123 484
123 499
123 162
123 407
123 225
123 516
123 159
124 279
124 306
124 495
125 172
125 447
126 481
127 456
129 313
130 175
130 387
131 506
133 287
134 263
134 496
135 460
136 379
137 203
138 325
139 504
139 462
139 401
139 516
140 538
140 163
141 208
142 487
142 154
142 267
142 238
144 504
145 171
146 187
146 245
147 238
147 180
147 465
148 370
149 341
150 311
151 515
152 377
152 373
152 304
153 359
153 489
155 478
155 285
155 244
156 310
157 348
157 427
157 420
158 406
158 313
159 170
159 421
161 314
161 231
162 541
162 397
162 476
164 241
165 530
167 418
168 218
169 485
169 365
169 368
169 351
169 210
169 270
171 192
172 500
172 348
173 438
173 199
174 190
176 554
176 487
178 385
179 197
179 424
181 346
181 432
182 366
183 538
184 529
186 211
188 306
189 472
190 269
190 355
190 309
191 196
191 298
192 456
193 499
193 531
194 203
195 319
196 481
196 445
198 461
198 432
198 411
199 528
199 269
200 404
201 236
201 392
201 403
202 334
202 535
202 474
204 312
205 252
206 472
207 352
207 560
208 331
209 248
210 251
210 506
211 325
211 435
211 478
212 508
213 378
213 416
214 291
215 247
215 381
217 436
217 332
218 372
219 521
220 365
221 521
223 466
224 242
225 281
226 253
226 289
226 363
227 543
227 483
227 290
228 516
229 366
229 349
229 408
231 383
232 408
233 443
234 418
234 379
236 394
237 422
238 399
239 538
240 485
241 287
241 529
243 375
244 436
245 460
246 334
248 494
249 516
249 443
249 384
252 521
253 456
253 328
254 532
254 499
255 412
256 508
257 485
257 415
257 276
258 384
259 399
260 436
260 551
260 284
264 279
266 390
268 558
268 467
268 375
269 471
269 385
269 282
271 406
272 342
274 499
275 347
278 414
282 479
282 555
283 433
283 514
286 432
290 503
291 435
291 440
294 320
295 456
296 419
297 428
297 349
297 361
297 487
297 458
299 372
300 373
304 484
305 414
307 308
308 523
309 547
310 495
311 356
311 552
312 429
313 527
313 376
313 354
313 495
313 449
315 335
315 376
316 344
316 440
319 380
320 348
320 336
321 501
322 485
323 443
324 357
327 510
327 446
329 382
330 390
331 538
333 424
334 553
336 539
337 534
338 478
339 498
340 557
341 429
341 386
342 562
343 501
345 538
348 494
348 352
353 497
358 415
364 470
365 464
367 411
370 488
371 487
372 381
374 525
375 508
379 562
379 524
380 563
380 557
381 414
382 514
382 552
387 540
387 442
387 553
388 537
390 404
391 484
395 437
396 544
397 424
400 550
402 522
402 498
407 536
407 530
410 452
414 423
415 537
415 448
416 534
417 424
422 553
422 548
426 521
434 517
434 487
435 456
437 524
441 509
446 472
451 548
452 490
452 499
453 515
454 544
455 485
455 491
456 508
463 499
464 486
464 561
466 499
468 511
469 481
475 562
480 542
482 512
492 524
495 505
496 499
499 521
502 527
511 516
513 528
520 557
528 549
