66
9 127 55 85 56 55 21 3 15 111 85 59 189 185 144 82 36 67 182 137 127 21 87 86 2 36 58 89 110 144 108 55 98 30 69 99 131 25 78 115 194 10 60 22 179 27 89 105 193 15 30 88 193 170 70 72 91 56 6 79 125 52 23 22 146 173
5 18 58 15 46 24
20 19 21 48 17 11 38 60 18 52 46 10 40 53 61 5 9 37 45 34 56
10 11 38 18 16 1 58 48 15 54 44
2 58 1
3 48 19 32
12 23 46 32 43 4 49 9 55 54 44 1 58
20 18 49 34 24 15 35 66 46 10 54 48 53 3 55 4 1 16 19 39 44
15 9 23 58 55 19 34 54 11 4 53 24 49 7 10 66
0
8 38 55 58 32 57 53 1 15
0
34 18 45 59 55 24 53 63 48 49 1 46 41 15 17 31 52 6 50 40 47 23 43 22 8 51 14 61 5 4 32 38 35 36 39
42 35 47 21 53 58 52 14 20 59 28 60 50 11 44 65 64 30 3 43 45 38 36 23 41 63 9 54 66 17 48 22 16 49 7 25 18 34 10 56 5 39 4
7 43 39 4 1 45 9 54
0
14 54 57 66 39 55 24 53 35 18 5 6 11 49 43
39 18 59 23 56 31 41 44 3 20 7 5 21 32 4 16 51 35 22 34 53 1 40 36 57 65 11 48 55 38 10 15 66 6 8 19 58 52 43 46
3 32 58 15
5 4 48 66 32 9
28 34 44 51 38 10 5 4 49 57 31 43 15 21 65 58 27 66 24 46 48 35 3 7 8 11 19 16 6
5 43 57 6 3 24
32 43 10 16 15 66 44 54 3 46 8 57 49 23 40 5 6 1 35 58 34 39 9 11 18 55 19 53 7 38 21 48 32
10 54 57 15 11 32 66 44 53 18 48
1 9
36 28 36 48 55 44 35 15 9 54 4 3 59 49 39 23 6 27 22 41 32 18 14 20 66 12 64 38 60 40 10 47 43 21 51 31 57
60 4 53 58 17 21 44 19 32 22 45 8 15 40 11 27 51 55 20 59 43 3 30 64 38 7 61 41 5 31 50 35 46 33 28 36 34 66 9 23 6 49 54 39 10 29 65 37 63 12 18 1 47 52 14 13 60 48 24 56 57
1 55
27 6 65 30 10 56 57 54 37 36 31 43 41 8 59 44 24 64 9 40 35 11 53 49 62 58 23 12
34 57 19 7 13 22 3 49 48 66 10 63 60 16 37 61 55 47 9 50 25 18 46 62 28 23 31 53 24 35 6 44 64 59 65
26 8 46 16 19 54 10 66 11 7 51 48 65 45 6 15 3 58 12 27 17 39 53 55 64 34 18
11 65 35 58 23 15 32 24 39 40 49 18
0
50 44 51 32 60 34 15 6 16 35 55 23 18 46 66 31 36 61 25 19 38 14 8 11 52 1 48 62 64 59 27 41 7 22 28 13 4 56 5 9 43 3 49 29 53 54 58 40 20 65 30
24 19 1 57 44 5 11 9 15 23 6 32 38 39 49 4 46 10 55 3 48 66 53 40 58
19 44 43 38 53 23 57 24 9 19 66 54 15 46 4 49 48 39 6 10
20 4 24 20 5 45 55 8 7 10 31 54 11 57 43 59 21 56 16 46 23
45 39 27 16 46 45 5 63 59 21 35 49 53 19 12 15 36 48 6 52 23 18 22 32 61 40 7 55 9 51 50 66 56 38 41 17 1 10 60 3 43 58 57 4 34 8
11 15 4 57 19 9 39 23 46 32 1 48
8 1 46 32 24 18 58 9 15
6 24 15 43 16 3 18
1 58
49 12 66 38 40 1 56 26 33 41 15 28 7 64 53 45 32 61 8 57 47 52 58 4 30 34 60 22 23 5 31 37 18 25 6 3 9 21 14 24 29 16 27 65 51 39 49 2 35 48
6 11 39 55 38 1 54
3 15 58 24
10 51 16 32 54 20 48 38 1 5 4
4 9 24 15 58
20 19 15 3 32 23 57 53 35 21 6 66 46 58 38 43 54 8 1 48 10
5 11 39 24 46 4
15 18 48 57 32 53 66 15 46 58 44 4 9 5 1 24
49 24 5 17 46 8 7 9 48 38 10 55 59 56 40 14 1 44 3 65 54 20 61 34 58 11 27 49 35 45 57 66 18 43 53 51 19 22 39 4 32 23 60 47 21 52 6 36 41 15
29 21 18 10 46 4 8 47 22 31 39 48 44 40 32 27 57 35 23 16 6 11 5 3 58 15 54 49 55 65
35 49 58 35 3 9 6 38 34 43 44 59 53 55 16 24 1 23 20 60 66 18 14 65 19 57 40 8 27 56 11 4 41 22 10 5
5 46 1 48 39 57
11 9 11 58 57 1 24 18 32 66 48 44
16 58 32 46 48 11 44 4 23 15 53 57 66 1 39 49 9
26 22 1 16 49 58 7 18 46 8 10 21 53 59 15 47 31 65 34 11 4 3 57 39 6 20 55
8 44 18 4 1 58 32 15 24
2 32 9
35 21 3 38 54 11 46 44 24 65 39 51 43 10 1 48 19 4 32 27 7 8 23 34 58 6 66 9 47 22 55 49 15 18 57 40
10 8 16 38 66 57 59 40 18 44 1
39 54 59 16 57 46 39 32 66 56 18 17 36 27 4 45 41 58 31 15 23 53 34 5 6 22 11 1 9 10 38 49 20 43 21 48 19 55 51 3
16 31 35 63 7 14 12 3 47 41 48 55 20 4 5 24 34
37 61 60 41 54 38 19 47 43 45 6 4 49 10 17 21 11 50 36 46 18 3 23 14 58 48 39 31 22 9 44 27 51 35 24 5 66 53
46 51 63 11 4 6 47 31 36 24 45 56 60 3 27 9 66 50 19 49 41 65 40 15 8 52 48 18 21 1 61 53 39 46 17 58 59 14 22 43 32 34 23 16 57 44 10
17 35 11 34 46 1 7 10 19 55 49 54 23 15 24 66 3 53
10 44 1 57 9 58 4 18 11 46 32
