200
16002 16323 10410 29793 15123 27192 12345 8595 17172 27942 15507 12624 29583 15243 31173 16329 5109 8217 5043 31017 22548 10521 32184 4716 30120 18546 20466 27795 29193 22164 27228 31251 24543 4638 28047 6666 17886 26448 12264 32058 7569 25383 24900 13431 20973 19605 16500 12804 11970 13329 22614 17976 31680 5349 19842 15009 8082 28911 24183 9432 10830 31716 28182 14070 25083 31956 24126 30585 28860 13440 26124 3666 18768 24375 27495 16104 23634 3831 15618 23436 28143 26313 26178 11958 29862 13029 12735 19881 5265 6483 20316 21321 18807 13827 13122 17847 23802 15621 11460 25596 14325 8352 5199 27591 19893 31971 29763 24618 11751 7638 11865 18756 30753 12696 5877 14277 22689 27729 30003 9189 18108 8679 30681 9582 13002 5214 24906 21579 24171 30594 8856 26787 28146 18624 26418 17433 30027 7119 30423 16056 20013 17343 27138 7455 6072 15093 5808 11349 15978 9024 8628 4194 32769 17577 27216 25797 19116 3783 17421 31998 13038 13569 19245 24774 15960 18120 17052 6471 22695 3876 28812 14808 28818 15456 32391 28587 31617 22341 4209 4497 18186 16179 10401 32739 19605 23223 22761 16593 21363 22491 27240 16551 23193 3837 24267 9726 23658 20850 27669 3948
239
3 1 41 121
5 1 41 122 81 147
7 1 41 122 81 148 82 191
6 1 41 122 81 149 153
7 1 41 122 81 149 155 159
5 1 41 122 82 191
5 2 42 102 156 183
6 2 42 102 156 184 195
4 2 42 102 157
5 2 42 102 158 189
3 3 43 182
3 3 44 146
5 4 45 107 115 180
8 4 45 107 115 181 100 168 185
9 4 45 107 115 181 100 168 186 128
11 4 45 107 115 181 100 168 186 130 56 128
11 4 45 107 115 181 100 168 186 130 57 199
12 4 45 107 115 181 100 168 186 130 57 200 141
7 4 45 107 115 181 100 169
4 4 45 107 116
5 4 45 108 174 187
7 4 45 108 174 188 115 180
10 4 45 108 174 188 115 181 100 168 185
11 4 45 108 174 188 115 181 100 168 186 128
13 4 45 108 174 188 115 181 100 168 186 130 56 128
13 4 45 108 174 188 115 181 100 168 186 130 57 199
14 4 45 108 174 188 115 181 100 168 186 130 57 200 141
9 4 45 108 174 188 115 181 100 169
6 4 45 108 174 188 116
4 4 45 108 175
5 4 45 108 176 195
3 4 45 109
4 4 46 59 112
3 5 47 143
3 5 48 183
4 5 48 184 195
4 7 49 43 182
4 7 49 44 146
3 9 50 189
3 9 51 194
4 13 52 96 146
4 13 52 97 153
5 13 52 97 155 159
4 13 52 98 196
7 13 52 98 197 83 110 167
6 13 52 98 197 83 111
3 13 53 113
4 13 54 84 135
5 13 54 84 136 183
6 13 54 84 136 184 195
4 13 54 85 159
5 13 54 86 174 187
7 13 54 86 174 188 115 180
10 13 54 86 174 188 115 181 100 168 185
11 13 54 86 174 188 115 181 100 168 186 128
13 13 54 86 174 188 115 181 100 168 186 130 56 128
13 13 54 86 174 188 115 181 100 168 186 130 57 199
14 13 54 86 174 188 115 181 100 168 186 130 57 200 141
9 13 54 86 174 188 115 181 100 169
6 13 54 86 174 188 116
4 13 54 86 175
5 13 54 86 176 195
3 14 56 128
5 14 56 130 57 199
6 14 56 130 57 200 141
3 14 57 199
4 14 57 200 141
3 16 59 112
3 17 60 118
4 17 61 80 137
4 18 62 126 142
3 18 62 127
6 20 63 99 100 168 185
7 20 63 99 100 168 186 128
9 20 63 99 100 168 186 130 56 128
9 20 63 99 100 168 186 130 57 199
10 20 63 99 100 168 186 130 57 200 141
5 20 63 99 100 169
3 20 64 198
3 21 65 161
5 21 65 162 47 143
5 21 65 162 48 183
6 21 65 162 48 184 195
3 21 66 170
6 21 66 171 95 80 137
4 21 67 156 183
5 21 67 156 184 195
3 21 67 157
4 21 67 158 189
4 21 68 60 118
5 21 68 61 80 137
3 22 69 187
5 22 69 188 115 180
8 22 69 188 115 181 100 168 185
9 22 69 188 115 181 100 168 186 128
11 22 69 188 115 181 100 168 186 130 56 128
11 22 69 188 115 181 100 168 186 130 57 199
12 22 69 188 115 181 100 168 186 130 57 200 141
7 22 69 188 115 181 100 169
4 22 69 188 116
3 23 70 138
6 23 70 140 101 131 182
5 23 70 140 101 132
6 23 70 140 101 133 161
8 23 70 140 101 133 162 47 143
8 23 70 140 101 133 162 48 183
9 23 70 140 101 133 162 48 184 195
6 23 70 140 101 134 137
3 23 71 141
3 24 72 117
4 24 73 81 147
6 24 73 81 148 82 191
5 24 73 81 149 153
6 24 73 81 149 155 159
4 24 73 82 191
3 25 74 164
5 25 74 165 168 185
6 25 74 165 168 186 128
8 25 74 165 168 186 130 56 128
8 25 74 165 168 186 130 57 199
9 25 74 165 168 186 130 57 200 141
4 25 74 165 169
5 25 75 101 131 182
4 25 75 101 132
5 25 75 101 133 161
7 25 75 101 133 162 47 143
7 25 75 101 133 162 48 183
8 25 75 101 133 162 48 184 195
5 25 75 101 134 137
4 26 76 104 114
4 26 76 105 166
6 26 76 106 100 168 185
7 26 76 106 100 168 186 128
9 26 76 106 100 168 186 130 56 128
9 26 76 106 100 168 186 130 57 199
10 26 76 106 100 168 186 130 57 200 141
5 26 76 106 100 169
3 28 77 163
4 28 78 177 195
4 28 78 178 196
7 28 78 178 197 83 110 167
6 28 78 178 197 83 111
3 28 78 179
4 30 79 119 192
6 30 79 119 193 104 114
6 30 79 119 193 105 166
8 30 79 119 193 106 100 168 185
9 30 79 119 193 106 100 168 186 128
11 30 79 119 193 106 100 168 186 130 56 128
11 30 79 119 193 106 100 168 186 130 57 199
12 30 79 119 193 106 100 168 186 130 57 200 141
7 30 79 119 193 106 100 169
3 30 79 120
3 32 80 137
3 33 81 147
5 33 81 148 82 191
4 33 81 149 153
5 33 81 149 155 159
3 33 82 191
4 36 83 110 167
3 36 83 111
3 37 84 135
4 37 84 136 183
5 37 84 136 184 195
3 37 85 159
4 37 86 174 187
6 37 86 174 188 115 180
9 37 86 174 188 115 181 100 168 185
10 37 86 174 188 115 181 100 168 186 128
12 37 86 174 188 115 181 100 168 186 130 56 128
12 37 86 174 188 115 181 100 168 186 130 57 199
13 37 86 174 188 115 181 100 168 186 130 57 200 141
8 37 86 174 188 115 181 100 169
5 37 86 174 188 116
3 37 86 175
4 37 86 176 195
5 38 87 101 131 182
4 38 87 101 132
5 38 87 101 133 161
7 38 87 101 133 162 47 143
7 38 87 101 133 162 48 183
8 38 87 101 133 162 48 184 195
5 38 87 101 134 137
4 38 88 123 172
6 38 88 123 173 41 121
8 38 88 123 173 41 122 81 147
10 38 88 123 173 41 122 81 148 82 191
9 38 88 123 173 41 122 81 149 153
10 38 88 123 173 41 122 81 149 155 159
8 38 88 123 173 41 122 82 191
3 38 88 124
4 38 88 123 172
6 38 88 123 173 41 121
8 38 88 123 173 41 122 81 147
10 38 88 123 173 41 122 81 148 82 191
9 38 88 123 173 41 122 81 149 153
10 38 88 123 173 41 122 81 149 155 159
8 38 88 123 173 41 122 82 191
3 38 89 145
3 38 90 150
4 38 90 151 121
6 38 90 151 122 81 147
8 38 90 151 122 81 148 82 191
7 38 90 151 122 81 149 153
8 38 90 151 122 81 149 155 159
6 38 90 151 122 82 191
4 38 90 152 161
6 38 90 152 162 47 143
6 38 90 152 162 48 183
7 38 90 152 162 48 184 195
3 38 91 191
4 38 92 168 185
5 38 92 168 186 128
7 38 92 168 186 130 56 128
7 38 92 168 186 130 57 199
8 38 92 168 186 130 57 200 141
3 38 92 169
6 38 93 45 107 115 180
9 38 93 45 107 115 181 100 168 185
10 38 93 45 107 115 181 100 168 186 128
12 38 93 45 107 115 181 100 168 186 130 56 128
12 38 93 45 107 115 181 100 168 186 130 57 199
13 38 93 45 107 115 181 100 168 186 130 57 200 141
8 38 93 45 107 115 181 100 169
5 38 93 45 107 116
6 38 93 45 108 174 187
8 38 93 45 108 174 188 115 180
11 38 93 45 108 174 188 115 181 100 168 185
12 38 93 45 108 174 188 115 181 100 168 186 128
14 38 93 45 108 174 188 115 181 100 168 186 130 56 128
14 38 93 45 108 174 188 115 181 100 168 186 130 57 199
15 38 93 45 108 174 188 115 181 100 168 186 130 57 200 141
10 38 93 45 108 174 188 115 181 100 169
7 38 93 45 108 174 188 116
5 38 93 45 108 175
6 38 93 45 108 176 195
4 38 93 45 109
5 38 93 46 59 112
4 40 95 80 137

