2
200 500
85 141 188 281 304 311 318 398 506 507 521 561 591 628 718 833 943 953 1012 1110 1165 1178 1201 1236 1241 1262 1279 1369 1511 1593 1606 1634 1677 1701 1702 1715 1731 1735 1858 1886 2003 2060 2093 2109 2176 2236 2242 2346 2381 2425 2488 2500 2510 2554 2579 2696 2717 2734 2844 2911 2952 2954 2985 3049 3129 3191 3213 3321 3339 3366 3374 3436 3456 3463 3469 3525 3548 3707 3719 3736 3783 3910 3923 3998 4016 4035 4036 4207 4290 4323 4374 4392 4500 4556 4579 4677 4766 4844 4893 4907 4923 5000 5054 5059 5129 5157 5172 5249 5368 5438 5439 5514 5539 5625 5662 5691 5778 5805 5865 6062 6085 6415 6458 6569 6699 6791 6809 6884 6937 7547 7654 7735 8006 8056 8095 8136 8188 8393 8477 8485 8508 8514 8559 8600 8758 8859 9193 9511 9646 9687 9949 10072 10076 10244 10328 10500 10536 10659 10879 11002 11027 11075 11140 11206 11291 11344 11459 11481 11592 11634 11644 11692 11740 11808 11868 11908 11932 11944 12096 12132 12196 12230 12237 12292 12526 12660 12713 12998 13044 13079 13126 13297 13318 13391 13423 13439 13687 13790 13804 13999
1 2 85
1 3 141
2 4 187
3 5 280
4 6 302
5 7 310
6 8 318
7 9 398
8 10 504
9 11 505
10 12 520
11 13 560
12 14 589
13 15 628
14 16 718
15 17 833
16 18 943
17 19 952
18 20 1010
19 21 1110
20 22 1165
21 23 1178
22 24 1199
23 25 1234
24 26 1240
25 27 1261
26 28 1279
27 29 1367
28 30 1510
29 31 1591
30 32 1605
31 33 1634
32 34 1676
33 35 1699
34 36 1701
35 37 1715
36 38 1730
37 39 1733
38 40 1857
39 41 1886
40 42 2003
41 43 2059
42 44 2091
43 45 2109
44 46 2175
45 47 2235
46 48 2240
47 49 2344
48 50 2381
49 51 2424
50 52 2487
51 53 2500
52 54 2509
53 55 2553
54 56 2578
55 57 2696
56 58 2716
57 59 2732
58 60 2844
59 61 2910
60 62 2951
61 63 2953
62 64 2984
63 65 3047
64 66 3129
65 67 3191
66 68 3211
67 69 3321
68 70 3337
69 71 3365
70 72 3374
71 73 3436
72 74 3454
73 75 3463
74 76 3468
75 77 3523
76 78 3546
77 79 3707
78 80 3717
79 81 3735
80 82 3781
81 83 3910
82 84 3922
83 85 3997
84 86 4015
85 87 4033
86 88 4036
87 89 4207
88 90 4290
89 91 4323
90 92 4374
91 93 4391
92 94 4498
93 95 4555
94 96 4579
95 97 4677
96 98 4764
97 99 4843
99 100 2753
99 101 3342
99 102 4119
101 103 4382
103 104 4787
99 105 4599
99 106 4320
102 107 4407
107 108 4059
101 109 3371
106 110 4080
100 111 3074
108 112 3408
101 113 5428
110 114 3277
103 115 2962
103 116 4950
114 117 5285
115 118 3645
115 119 2952
114 120 3598
103 121 4555
111 122 3437
103 123 3665
105 124 4009
118 125 3857
99 126 5949
108 127 5964
116 128 4691
120 129 5397
115 130 3640
114 131 3941
123 132 5844
99 133 5553
123 134 7949
132 135 5775
128 136 6230
118 137 6942
104 138 5660
135 139 7981
104 140 6597
107 141 6605
134 142 4737
103 143 4372
104 144 4482
140 145 4406
111 146 6545
115 147 6295
108 148 7148
119 149 6082
117 150 9282
123 151 5020
120 152 5344
145 153 9465
130 154 9946
137 155 10083
122 156 7976
125 157 10495
124 158 8102
157 159 10029
111 160 9632
136 161 5943
151 162 8798
159 163 10402
139 164 10209
155 165 8950
110 166 7107
161 167 6921
108 168 6867
104 169 6413
124 170 7584
131 171 9206
130 172 8813
114 173 9628
165 174 11437
113 175 7588
168 176 6755
107 177 7342
110 178 11687
144 179 9715
166 180 6664
171 181 7054
111 182 7476
122 183 8557
134 184 6176
144 185 7171
177 186 11712
101 187 10103
146 188 9015
160 189 9710
101 190 10709
156 191 11654
134 192 6734
128 193 12449
122 194 11180
126 195 7000
137 196 13145
122 197 12198
159 198 7283
169 199 10046
163 200 13037
128 160 6229
152 148 8457
128 178 6463
157 136 7980
128 180 6942
140 196 6418
155 114 5780
106 117 6854
139 108 6625
140 169 9293
135 176 6665
190 168 8047
176 183 8862
158 110 9451
137 142 8583
150 164 7478
141 177 6604
140 116 8261
160 118 8966
180 118 9253
131 113 8225
157 187 8990
125 118 6103
120 189 6377
136 178 9111
192 140 5879
188 183 7655
195 158 5794
184 161 7712
151 169 8397
136 184 7731
139 198 7595
144 113 8392
125 143 8700
161 134 5873
145 125 9053
155 106 6849
156 192 6502
107 192 7505
172 172 7429
148 193 9016
162 136 6814
141 122 8548
190 113 7544
173 142 6831
191 176 8713
123 129 6309
189 186 5203
142 175 7667
188 140 7744
112 182 8885
100 162 7451
156 142 8895
127 104 5332
155 146 7101
162 183 9181
189 180 8101
102 167 5051
196 189 6306
151 190 5890
128 142 5968
140 166 8809
156 136 5129
156 120 6529
139 107 6005
181 177 8446
169 199 7394
190 197 9441
103 141 4902
155 120 8044
117 189 6166
133 166 9041
144 189 6448
181 165 6339
144 112 5872
169 120 9334
124 175 6940
139 105 7287
188 107 8964
100 162 7364
176 131 4961
180 137 7287
111 141 4844
173 124 7027
158 141 6232
100 117 8576
114 194 6039
154 135 8672
149 174 6344
195 144 9588
116 110 6386
187 104 6138
197 119 6979
160 127 6112
147 140 7643
144 200 6774
131 140 5961
166 195 5047
199 181 6940
171 172 8604
127 138 6784
123 183 9660
121 122 7730
139 175 8327
114 155 8472
119 153 6342
181 113 5635
177 102 5963
131 142 7168
143 121 7793
186 130 7565
112 165 8564
189 147 9629
188 185 5696
131 153 8155
163 146 8506
156 144 5681
162 103 9462
126 174 7543
130 118 5467
173 143 4963
106 101 6738
104 171 7925
198 136 5707
147 153 9202
174 130 6307
145 124 7943
123 109 7631
171 102 6843
176 159 9594
120 171 5578
192 188 6988
154 165 9159
100 175 9029
196 171 9217
123 112 9606
167 152 8925
131 195 8205
111 147 6879
112 121 8065
149 195 5308
169 185 5363
115 174 5262
179 117 8811
150 133 8835
175 170 8396
138 128 7361
196 160 8554
170 199 5953
122 174 7482
185 119 7294
142 143 6164
150 176 9027
166 113 7460
198 160 5277
160 129 7032
191 152 6916
182 115 8474
102 139 5988
127 151 7251
101 196 7476
154 130 7313
115 129 4972
135 183 8311
166 137 9361
112 127 6033
183 192 6390
181 173 6363
131 126 6726
193 169 5681
193 131 5258
141 155 8739
103 109 9223
197 189 6161
123 175 5948
111 155 5825
108 197 6797
106 141 8051
200 120 7276
125 100 7110
159 198 6706
119 178 9171
160 122 7125
139 174 8230
106 113 7604
108 181 6252
100 154 7644
199 181 6130
170 183 6183
198 189 7624
130 151 5042
179 151 8906
102 116 8920
120 197 7994
117 129 8238
107 188 5024
172 138 7951
196 107 7878
153 143 9431
177 174 5748
173 100 8160
182 186 6261
191 185 7847
124 158 6918
181 199 8354
117 179 5442
173 105 7416
170 107 8431
130 177 5404
140 113 8785
188 193 5899
126 148 8515
128 162 8268
189 157 6454
153 154 7326
189 127 7985
104 106 8237
158 118 5364
142 183 6585
151 173 5987
110 182 7460
162 176 7523
172 135 8253
141 116 5316
145 151 9054
170 148 8954
170 114 6836
123 147 5100
185 156 6164
155 128 9441
109 136 7603
165 103 9207
106 165 7498
169 166 6959
199 106 8925
143 156 9645
178 157 8480
162 164 9212
159 197 8480
184 188 5212
148 140 7931
125 119 5665
132 167 6386
122 200 8415
150 144 9072
162 186 8271
185 102 6651
146 131 5730
152 112 5319
187 199 7681
191 103 7364
103 162 8017
140 134 6177
126 139 9289
145 168 5261
153 134 6290
136 200 6854
174 155 7857
143 152 8494
104 141 8666
141 180 8461
122 142 5802
173 110 6866
185 187 7348
136 174 7517
173 188 6841
190 109 9070
131 123 7856
119 169 8926
118 127 7721
138 158 8982
172 103 5545
143 145 7915
170 146 5221
200 144 5082
163 144 6861
113 127 7362
172 191 7810
103 134 8862
151 194 6884
197 154 6589
115 164 8171
124 141 7293
166 139 6072
167 136 5554
112 145 6839
200 162 7246
126 105 5099
176 167 8661
108 135 6703
130 137 6720
125 120 8574
180 170 7725
155 177 8773
196 171 9645
152 114 5869
193 192 6389
157 102 5324
174 133 8029
188 122 9148
131 133 9684
