32
63 194 232 283 374 852 1180 1318 1500 1558 1601 2021 2024 2201 2254 2444 2508 2705 3108 3348 3685 3733 3944 4114 4119 4177 4326 4486 4498 4631 4905 4909 5115 5346 5390 5512 5572 5595 5830 6062 6101 6117 6294 6483 6588 6799 7140 7264 7376 7735 7885 7997 8493 8590 8674 8712 9018 9103 9133 9634 9636 9651 9658 9923
62 110 142 168 202 232 306 330 374 732 843 1318 1574 1645 2024 2072 2076 2096 2275 2444 2512 2658 2792 2869 3492 3602 3733 3970 4281 4326 4371 4410 4418 4498 4607 4707 4736 4909 5014 5115 5265 5595 5700 5830 5881 5905 6068 6117 6588 6799 7170 7422 7493 7735 7772 7885 7998 8411 8590 8637 8674 9544 9651
56 25 83 232 273 374 401 747 775 808 1365 2024 2087 2444 2513 2536 2767 3052 3101 3189 3282 3733 3815 3958 4157 4245 4260 4326 4375 4498 4663 4909 5115 5595 5830 6000 6117 6232 6367 6429 6588 6799 7043 7063 7103 7595 7735 7885 7903 8115 8216 8373 8590 8674 9487 9651 9653
73 51 74 232 261 374 418 505 617 840 933 1576 1624 1751 1946 1957 1977 2024 2224 2412 2444 2662 3039 3213 3613 3733 3863 4200 4211 4296 4326 4435 4447 4498 4909 4929 5115 5308 5430 5556 5563 5595 5830 5866 6034 6076 6117 6193 6397 6478 6588 6799 6805 7040 7330 7336 7735 7885 7894 8109 8418 8485 8590 8611 8674 8881 9410 9429 9651 9707 9738 9846 9847 9898
138 2 136 215 232 311 374 433 511 701 778 821 840 898 935 1042 1148 1176 1197 1330 1433 1486 1527 1570 1637 1763 1800 1888 2024 2075 2120 2206 2211 2242 2368 2444 2471 2575 2603 2760 2764 2826 2836 3116 3216 3242 3402 3449 3451 3478 3542 3713 3722 3733 3737 4004 4016 4112 4265 4326 4431 4462 4498 4589 4638 4766 4855 4909 4912 4939 4970 4990 5065 5106 5115 5257 5271 5361 5481 5584 5595 5724 5830 5848 6041 6117 6432 6539 6572 6588 6661 6709 6793 6799 6843 6968 7161 7219 7354 7401 7466 7578 7735 7782 7823 7858 7885 7906 8010 8070 8170 8194 8223 8239 8394 8416 8434 8463 8565 8590 8654 8674 8720 8771 8944 9128 9143 9239 9328 9539 9564 9651 9682 9683 9844 9861 9905 9909 9945
62 48 159 232 374 633 677 724 738 786 838 1177 1261 1441 1468 1570 1674 2024 2176 2444 2463 2719 2951 3042 3138 3733 4167 4326 4422 4498 4909 5115 5595 5830 6002 6117 6289 6294 6379 6588 6661 6725 6799 6905 7128 7147 7351 7449 7576 7719 7735 7769 7885 8262 8314 8590 8674 8795 9297 9464 9635 9651 9800
91 114 152 232 330 374 542 697 1094 1280 1337 1375 1500 1585 1593 1712 1759 2024 2364 2444 2514 2737 2904 2906 3001 3061 3181 3269 3359 3437 3524 3733 3796 3846 3898 3926 4030 4039 4127 4326 4498 4801 4909 4961 5115 5191 5267 5595 5617 5625 5771 5830 5921 6095 6117 6454 6588 6648 6652 6657 6799 7005 7084 7188 7351 7408 7449 7452 7735 7803 7885 7907 7948 7967 8222 8426 8590 8633 8674 8797 8837 8865 9052 9213 9325 9423 9601 9646 9651 9817 9852 9863
159 50 91 104 232 248 312 374 392 431 448 493 635 642 650 667 669 689 743 830 867 906 925 1047 1139 1203 1341 1349 1394 1491 1514 1540 1656 1669 1710 1864 2012 2024 2103 2178 2297 2444 2469 2533 2606 2726 2737 2809 2854 2961 3036 3152 3193 3292 3354 3371 3466 3507 3537 3628 3733 3771 3871 3900 3962 4034 4134 4217 4221 4326 4364 4388 4432 4471 4498 4557 4605 4678 4731 4744 4769 4799 4887 4909 4911 4912 5091 5102 5115 5127 5256 5427 5495 5499 5535 5552 5556 5581 5595 5645 5830 5848 5869 5879 5896 5968 6006 6117 6286 6312 6321 6337 6364 6398 6420 6478 6588 6647 6658 6720 6752 6760 6799 6825 6902 7174 7454 7607 7657 7735 7885 8010 8313 8316 8370 8376 8590 8674 8721 8745 8747 8776 8829 8872 8893 8908 8991 9102 9134 9306 9341 9496 9556 9567 9606 9651 9741 9808 9828 9851
62 232 312 374 531 911 1291 1391 1610 1832 1969 2024 2105 2330 2407 2444 2540 2595 3202 3324 3712 3733 4203 4326 4426 4466 4498 4601 4617 4764 4845 4909 5115 5150 5359 5409 5595 5769 5802 5830 6117 6247 6343 6354 6588 6718 6799 7735 7885 7931 8015 8238 8389 8467 8590 8674 8823 8940 8941 9022 9487 9505 9651
146 37 188 232 284 374 401 420 521 534 718 744 751 847 864 1012 1026 1060 1086 1092 1230 1297 1352 1361 1363 1406 1488 1490 1491 1615 1633 1706 1719 1962 2024 2041 2170 2281 2356 2444 2539 2641 2721 2865 2933 3125 3294 3433 3501 3733 3834 3961 4061 4131 4149 4163 4166 4240 4326 4436 4498 4506 4691 4735 4739 4758 4777 4822 4867 4909 4927 4937 5001 5029 5058 5115 5132 5253 5341 5487 5566 5595 5626 5751 5784 5830 5923 5985 6117 6184 6197 6354 6408 6525 6558 6588 6697 6749 6799 7000 7100 7110 7216 7239 7355 7384 7400 7514 7525 7563 7671 7735 7768 7870 7885 7891 7937 8094 8099 8154 8310 8370 8471 8530 8590 8674 8775 8801 8825 8882 8952 9231 9255 9278 9285 9310 9339 9345 9471 9489 9612 9624 9651 9910 9941 9948 9961
93 117 129 148 232 238 265 336 374 509 587 664 848 917 983 1903 2015 2024 2056 2094 2113 2130 2148 2168 2208 2444 2649 2650 2875 2962 2988 3134 3141 3305 3518 3733 3898 3942 4122 4265 4326 4361 4456 4458 4498 4523 4598 4684 4909 5059 5092 5098 5115 5595 5646 5724 5822 5830 5916 5954 5962 5987 6097 6117 6174 6179 6349 6588 6799 6980 6997 7026 7027 7397 7735 7784 7885 8062 8201 8497 8555 8590 8624 8653 8674 8803 8844 8873 8974 9092 9135 9151 9651 9994
148 140 145 196 232 315 361 374 391 408 431 538 709 806 890 969 998 1040 1054 1084 1141 1210 1254 1276 1284 1285 1397 1443 1484 1546 1729 1830 1871 1880 1886 1965 1976 2024 2135 2171 2278 2313 2422 2444 2457 2473 2582 2816 2845 2856 3047 3075 3159 3243 3336 3347 3503 3546 3550 3566 3597 3611 3621 3623 3733 3766 3811 3823 3855 3880 3886 3995 4050 4121 4326 4466 4498 4637 4649 4682 4696 4732 4909 5010 5048 5115 5140 5163 5218 5455 5504 5595 5771 5830 5874 5914 6065 6082 6117 6474 6531 6588 6677 6799 6815 6873 6990 7073 7089 7164 7246 7367 7383 7573 7719 7735 7874 7877 7885 8014 8023 8134 8253 8346 8487 8489 8505 8590 8597 8632 8674 8748 8752 8807 8812 8893 8906 9080 9122 9493 9608 9645 9651 9696 9762 9773 9801 9937 9998
138 143 204 232 295 349 367 374 443 486 503 532 631 700 775 803 830 858 921 943 1134 1313 1323 1327 1594 1608 1629 1714 1729 1841 1933 1964 2024 2068 2308 2377 2382 2403 2432 2444 2450 2522 2555 2861 3349 3387 3393 3592 3607 3718 3733 3738 3740 3757 3812 3837 3891 3931 4091 4177 4271 4326 4389 4498 4500 4583 4649 4651 4744 4798 4833 4909 5046 5115 5184 5190 5219 5348 5399 5437 5535 5595 5605 5786 5830 5845 5964 5987 6009 6060 6076 6117 6244 6266 6290 6341 6375 6588 6724 6799 7009 7012 7152 7215 7233 7276 7353 7523 7619 7735 7790 7795 7813 7885 8011 8026 8040 8137 8169 8206 8284 8352 8476 8550 8590 8610 8664 8674 8698 9380 9584 9651 9727 9755 9774 9816 9830 9938 9967
82 232 285 374 521 692 876 930 1027 1105 1466 1525 1585 1785 2024 2088 2123 2247 2406 2433 2444 2459 2570 2745 2807 2859 3219 3228 3337 3707 3733 3778 4047 4092 4126 4216 4322 4326 4498 4604 4671 4909 4986 4989 5115 5117 5277 5291 5386 5447 5482 5577 5595 5602 5618 5830 5847 5956 6117 6318 6338 6473 6510 6588 6799 6863 6969 7048 7166 7203 7412 7462 7735 7885 8300 8325 8575 8590 8674 8680 9151 9158 9651
112 48 232 374 473 817 872 1051 1092 1108 1216 1470 1498 1505 1524 1675 1678 1724 1736 1851 1891 1969 1975 2024 2029 2041 2189 2315 2444 2484 2673 3028 3119 3124 3165 3292 3381 3635 3733 3738 3742 3753 3966 4001 4022 4079 4326 4420 4474 4498 4567 4569 4587 4722 4732 4839 4909 5094 5115 5152 5238 5253 5449 5543 5560 5595 5830 5970 6063 6117 6140 6328 6426 6513 6588 6595 6677 6736 6747 6768 6799 6848 7047 7059 7095 7152 7288 7407 7485 7716 7735 7885 7896 7978 8022 8074 8179 8243 8455 8590 8674 8694 8804 8941 9022 9061 9076 9244 9275 9392 9514 9642 9651
55 232 374 423 1139 1804 1956 2024 2444 2676 2821 2835 3001 3024 3183 3242 3266 3733 4326 4394 4498 4677 4863 4904 4909 5009 5115 5349 5595 5796 5830 5978 6107 6117 6222 6588 6595 6768 6799 6801 7445 7619 7735 7885 7910 7995 8141 8230 8323 8425 8590 8674 9115 9644 9651 9957
120 144 177 232 258 374 405 519 689 783 909 1128 1322 1405 1620 1661 1701 1754 1761 1941 1945 2024 2208 2252 2330 2342 2439 2444 2506 2549 2572 2583 2957 3044 3698 3718 3733 3844 3863 3945 4015 4118 4326 4348 4371 4441 4463 4498 4594 4603 4628 4656 4764 4909 5115 5157 5311 5316 5339 5526 5595 5649 5755 5760 5830 5923 6117 6204 6229 6364 6394 6557 6588 6736 6799 6817 6867 6876 6929 6936 6946 7063 7081 7136 7358 7386 7512 7637 7735 7741 7771 7885 8270 8289 8293 8358 8371 8522 8579 8590 8658 8674 8692 8752 8813 8840 8869 8889 8898 8921 8925 8979 9036 9154 9253 9366 9387 9522 9554 9556 9651
134 153 232 260 312 374 431 490 547 573 681 877 923 1221 1347 1418 1456 1841 1909 1935 2002 2024 2115 2165 2263 2268 2310 2316 2444 2534 2592 2600 2603 2749 2780 2788 2837 2935 3110 3242 3345 3347 3657 3733 3736 3811 3828 3836 3922 4107 4129 4250 4326 4349 4361 4403 4419 4473 4498 4727 4783 4840 4909 5080 5085 5096 5115 5254 5317 5402 5519 5564 5595 5602 5613 5693 5712 5789 5830 5922 6117 6120 6283 6284 6365 6439 6588 6604 6640 6732 6799 6911 6939 6949 7091 7238 7483 7576 7660 7703 7709 7729 7735 7839 7843 7853 7885 7889 8085 8174 8181 8350 8393 8590 8595 8661 8674 8680 8731 8955 8991 9135 9317 9328 9502 9528 9553 9651 9666 9668 9770 9789 9834 9839 9994
140 42 61 126 232 276 292 350 358 374 425 501 614 695 740 1141 1430 1437 1454 1568 1600 1624 1676 1775 1815 1882 1937 2024 2044 2079 2118 2246 2328 2373 2444 2532 2554 2609 2645 2876 2985 3079 3100 3176 3278 3319 3342 3479 3573 3581 3590 3603 3659 3733 3765 3895 4224 4326 4343 4472 4498 4526 4559 4591 4600 4909 5016 5052 5060 5115 5140 5198 5380 5390 5453 5467 5480 5595 5598 5619 5670 5671 5817 5830 5857 5883 5914 5944 5984 6117 6151 6338 6506 6588 6799 6826 6835 6836 6854 7066 7088 7253 7330 7601 7621 7735 7779 7811 7826 7885 7977 8090 8136 8322 8518 8571 8590 8674 8811 8823 8890 8905 8928 9027 9237 9305 9314 9330 9402 9446 9457 9525 9558 9629 9649 9651 9749 9823 9866 9938 9983
60 175 232 374 1050 1136 1243 1297 1627 2024 2365 2444 2479 2582 3025 3040 3230 3318 3511 3733 3763 3772 3786 4326 4498 4909 5115 5121 5261 5271 5595 5761 5830 6117 6130 6205 6364 6588 6653 6799 6902 6924 7301 7550 7735 7885 8004 8055 8180 8374 8590 8650 8674 8858 8938 9207 9378 9422 9430 9651 9785
156 72 82 232 234 274 374 447 512 657 658 817 853 918 1002 1099 1129 1222 1225 1351 1491 1538 1569 1611 1776 1785 1811 1855 1864 1920 2024 2051 2054 2101 2119 2173 2401 2423 2431 2444 2484 2498 2501 2508 2515 2559 2842 2847 2911 2914 2916 3003 3063 3125 3151 3176 3239 3408 3597 3614 3639 3672 3733 3878 3885 4117 4289 4316 4326 4364 4498 4536 4623 4660 4701 4737 4783 4797 4852 4900 4909 5115 5212 5290 5293 5297 5572 5595 5596 5796 5826 5830 5999 6070 6085 6117 6142 6360 6417 6453 6490 6536 6588 6687 6799 6877 7090 7239 7267 7376 7416 7520 7665 7682 7735 7858 7867 7875 7885 7902 7908 7931 8132 8246 8339 8440 8481 8506 8546 8580 8590 8674 8732 8752 8810 8833 8876 8938 8991 9013 9034 9040 9100 9263 9284 9336 9366 9407 9534 9571 9609 9651 9665 9677 9687 9889 9974
124 169 175 232 374 453 492 531 579 581 585 643 688 796 986 1002 1030 1051 1273 1396 1441 1473 1780 2024 2057 2223 2263 2282 2362 2434 2444 2455 2479 2547 2552 2685 3016 3078 3284 3320 3457 3462 3668 3733 3734 3954 4026 4114 4166 4203 4240 4257 4263 4326 4343 4360 4421 4498 4507 4556 4636 4638 4685 4714 4776 4907 4909 4969 5017 5115 5190 5277 5284 5305 5493 5595 5643 5671 5771 5800 5822 5830 5985 6039 6117 6135 6246 6264 6588 6618 6681 6712 6762 6765 6799 7183 7216 7255 7324 7461 7542 7644 7686 7735 7757 7842 7885 7897 8057 8525 8590 8647 8674 8742 8794 8949 8985 8998 9041 9105 9164 9651 9658 9740 9927
144 151 232 299 374 382 442 513 692 772 814 995 1081 1219 1256 1293 1298 1481 1574 1679 1753 1772 1781 1926 1938 1995 2024 2078 2182 2214 2278 2299 2366 2369 2444 2478 2540 2556 2963 3011 3193 3249 3278 3416 3506 3733 3786 3800 3801 4049 4115 4298 4326 4329 4379 4381 4483 4498 4545 4550 4712 4763 4909 4942 5020 5056 5115 5169 5213 5364 5367 5475 5549 5553 5595 5614 5689 5777 5800 5830 5950 6117 6161 6172 6293 6316 6329 6407 6427 6588 6647 6687 6756 6799 6978 7097 7167 7182 7249 7262 7548 7587 7589 7735 7780 7885 7977 7994 8055 8064 8102 8158 8203 8292 8325 8387 8507 8582 8590 8674 8707 8819 8829 8842 8972 9120 9130 9189 9202 9272 9529 9547 9607 9651 9673 9690 9695 9756 9807 9823 9834 9898 9918 9921 9948
108 92 96 232 374 386 592 594 702 763 807 859 878 949 1020 1100 1123 1176 1364 1401 1522 2024 2036 2049 2095 2108 2365 2444 2463 2596 2697 2700 2716 2755 2966 3002 3099 3153 3347 3462 3470 3561 3573 3585 3672 3718 3733 3769 4032 4111 4122 4326 4345 4444 4473 4498 4861 4909 5066 5115 5452 5500 5563 5595 5830 5956 6000 6107 6117 6337 6402 6420 6493 6588 6639 6799 6871 7116 7133 7372 7549 7600 7735 7885 7900 8131 8192 8262 8426 8590 8674 8762 8796 9017 9121 9252 9280 9426 9435 9483 9491 9504 9514 9540 9583 9589 9651 9893 9969
79 232 294 295 365 374 386 549 660 1075 1086 1090 1145 1650 1905 2024 2444 2571 2785 2840 3219 3327 3505 3528 3733 3829 3914 4314 4326 4498 4909 5115 5136 5195 5229 5381 5453 5497 5589 5595 5818 5830 5909 5949 5950 6117 6177 6426 6437 6588 6766 6799 7009 7180 7364 7735 7884 7885 8145 8264 8284 8287 8332 8362 8368 8520 8536 8590 8674 8737 8841 8886 9041 9163 9182 9190 9365 9651 9853 9957
55 45 232 319 374 614 823 1672 1945 2024 2099 2444 2453 2541 2883 3013 3733 4326 4498 4601 4712 4909 5115 5147 5353 5408 5434 5532 5595 5830 6117 6336 6356 6360 6398 6410 6588 6724 6792 6799 6901 7329 7575 7735 7746 7885 8134 8204 8225 8496 8590 8674 9024 9124 9276 9651
169 232 374 397 411 444 499 582 667 830 869 974 1011 1017 1092 1093 1133 1167 1299 1407 1499 1525 1555 1780 1857 1865 1907 2017 2024 2061 2081 2129 2324 2373 2444 2461 2466 2485 2513 2567 2580 2837 2933 3017 3149 3154 3179 3315 3443 3467 3599 3605 3651 3733 3774 3779 3840 3913 3966 4002 4046 4156 4255 4267 4326 4383 4421 4431 4489 4498 4537 4538 4585 4652 4658 4701 4742 4836 4874 4909 4973 5115 5126 5129 5190 5343 5369 5412 5461 5520 5525 5579 5595 5662 5738 5810 5819 5830 5836 5870 5899 5964 6009 6029 6058 6117 6194 6325 6355 6368 6391 6403 6531 6584 6588 6799 6987 6998 7002 7016 7045 7061 7095 7187 7318 7424 7490 7528 7702 7735 7752 7766 7848 7864 7885 7887 7914 8086 8182 8185 8206 8227 8234 8419 8453 8462 8590 8622 8662 8674 8677 8678 8733 8828 8833 8849 8877 8895 8911 8967 9105 9138 9194 9320 9427 9450 9464 9635 9651 9817
94 45 232 262 271 374 555 888 909 975 1389 1476 1638 1781 1834 1895 2024 2078 2136 2355 2419 2444 2654 2687 2877 2881 2966 3020 3024 3192 3374 3480 3606 3733 3737 3746 3822 3954 4100 4130 4191 4284 4326 4337 4498 4654 4909 4993 5039 5115 5123 5133 5228 5233 5595 5830 5861 5876 6080 6117 6588 6799 6804 6888 7166 7204 7276 7528 7735 7819 7857 7885 7924 8134 8282 8345 8430 8545 8577 8590 8601 8674 8678 8901 8967 9093 9115 9171 9255 9360 9434 9651 9798 9819 9950
134 61 190 232 374 389 537 607 634 703 715 957 1002 1041 1064 1078 1247 1361 1515 1546 1762 1803 1952 2003 2024 2070 2150 2205 2227 2299 2312 2365 2444 2537 2661 2776 2971 3223 3287 3333 3392 3447 3490 3555 3567 3582 3616 3670 3733 3915 3990 4008 4013 4132 4156 4325 4326 4411 4498 4694 4751 4785 4856 4909 4917 4935 4959 5074 5115 5198 5262 5352 5498 5541 5595 5649 5805 5830 5853 5994 6019 6051 6117 6129 6356 6369 6465 6540 6574 6588 6700 6799 6844 7016 7069 7146 7282 7356 7421 7735 7756 7808 7818 7885 7943 7944 7967 8063 8128 8310 8363 8434 8590 8669 8674 8691 8721 8753 8809 8922 8950 9008 9068 9228 9259 9269 9314 9320 9345 9443 9651 9763 9770 9801 9874
131 48 88 175 232 374 398 402 467 469 784 789 923 979 987 995 1081 1139 1338 1369 1812 1875 2024 2315 2318 2326 2338 2397 2444 2497 2555 2635 2638 2703 2846 2859 2905 2932 3011 3013 3090 3102 3111 3288 3445 3479 3646 3658 3661 3669 3677 3692 3701 3733 3766 3786 3931 4057 4177 4255 4274 4326 4466 4498 4527 4554 4565 4575 4579 4637 4689 4724 4740 4909 5115 5132 5165 5265 5370 5555 5560 5573 5588 5595 5830 5855 5994 6034 6093 6117 6172 6305 6375 6424 6493 6508 6588 6652 6799 6887 6905 7102 7326 7354 7381 7384 7463 7464 7587 7707 7735 7885 7980 7996 8078 8285 8590 8674 8822 8889 9080 9296 9302 9304 9357 9651 9681 9865 9911 9951 9959 9960
152 16 219 220 232 236 290 337 374 386 751 788 815 1155 1288 1307 1577 1634 1743 1817 1834 1835 1842 1851 1860 1898 1931 1965 1973 1987 2024 2027 2064 2131 2208 2408 2444 2449 2455 2464 2477 2591 2688 2948 3288 3314 3327 3342 3346 3372 3424 3462 3482 3561 3599 3619 3733 3771 4066 4109 4132 4193 4212 4225 4326 4344 4462 4498 4539 4605 4748 4909 4912 4945 5019 5022 5074 5115 5478 5488 5595 5600 5640 5740 5827 5830 5896 5930 6024 6043 6096 6109 6117 6248 6249 6262 6276 6317 6348 6385 6545 6552 6588 6725 6742 6781 6799 7068 7126 7216 7298 7351 7374 7440 7553 7604 7654 7706 7735 7753 7818 7885 7953 8001 8015 8112 8182 8206 8348 8418 8590 8668 8674 8681 8718 8760 8764 8767 8780 8870 8929 8997 9063 9067 9113 9345 9443 9455 9572 9574 9651 9798 9902
134 78 171 202 232 288 300 330 374 566 705 918 1030 1319 1336 1509 1613 1692 2006 2024 2119 2310 2338 2344 2370 2444 2470 2521 2811 2841 2873 2924 2962 3065 3112 3196 3249 3405 3440 3443 3464 3481 3549 3650 3733 3808 3828 3934 3962 4128 4148 4166 4173 4188 4326 4377 4391 4489 4498 4508 4755 4777 4784 4788 4805 4863 4887 4909 4918 4919 4983 5115 5284 5318 5399 5454 5477 5595 5598 5748 5830 5858 5865 6093 6101 6117 6181 6321 6331 6361 6376 6493 6571 6588 6662 6771 6799 6927 6983 7103 7113 7157 7474 7533 7540 7599 7626 7671 7735 7785 7854 7885 7887 7927 8181 8245 8331 8478 8558 8590 8610 8674 8726 8917 9000 9231 9309 9429 9546 9651 9653 9827 9829 9836 9968
