99 100 735 5002
189 287 105 315 9 777 917 685 111 889 933 399 835 735 735 735 735 735 735 70 635 273 327 525 427 245 735 595 543 965 945 861 465 70 15 749 105 914 975 245 597 735 965 405 42 735 973 835 840 503 534 511 651 535 805 330 861 587 623 581 773 255 635 510 335 339 21 6 259 577 570 791 327 66 394 795 545 405 723 499 93 973 965 615 427 581 735 831 623 761 805 959 717 885 149 615 807 582 885 735
937 203 798 791 601 826 805 315 921 183 705 903 126 735 735 735 735 735 735 615 563 651 345 105 863 683 413 420 75 465 721 721 70 630 834 285 623 930 175 665 690 105 105 455 805 175 399 613 35 945 843 275 927 105 21 861 877 978 7 447 39 510 150 51 269 767 35 679 339 35 399 210 355 5 970 889 997 10 386 210 5 111 259 777 510 126 525 525 363 350 35 525 420 955 49 819 30 245 645 235
785 315 47 735 371 105 293 175 805 105 574 571 691 735 735 735 735 735 735 33 525 7 455 593 770 315 777 785 415 791 303 105 3 887 685 291 805 225 987 665 770 445 665 35 21 595 130 565 339 161 85 885 735 829 205 615 42 55 455 135 735 465 455 51 915 885 805 641 615 315 498 462 738 195 231 63 255 591 805 365 987 453 225 721 694 215 763 597 105 55 501 735 885 175 591 718 735 609 771 651
857 385 285 255 903 865 819 615 435 721 915 105 610 735 735 735 735 735 735 105 721 30 805 838 35 469 385 525 994 798 630 730 655 175 742 822 87 485 420 399 333 865 3 417 105 42 770 947 67 105 642 705 665 215 231 883 959 189 537 543 249 609 665 7 980 933 541 210 347 826 35 147 699 689 525 630 525 826 105 511 477 743 973 735 135 105 919 355 813 505 420 75 770 141 895 3 965 70 955 665
315 525 798 861 583 945 525 35 150 669 426 215 695 735 735 735 735 735 735 140 443 255 105 5 595 785 421 777 35 861 35 300 665 105 28 203 770 690 303 879 294 965 105 997 10 706 641 597 105 787 889 14 2 525 25 798 735 431 834 939 367 673 399 829 665 15 175 210 717 303 195 917 210 35 193 735 525 865 853 591 45 6 763 571 651 861 231 435 455 770 357 933 140 245 26 709 105 337 971 735
903 273 610 35 245 581 707 789 399 245 630 735 90 735 735 735 735 735 735 145 665 273 55 525 381 665 25 755 315 903 819 315 30 687 721 705 35 870 393 840 395 665 75 385 665 105 723 294 975 633 695 63 5 777 770 511 291 295 609 811 483 717 223 471 749 173 518 515 791 879 5 595 295 35 623 525 70 602 987 21 996 370 267 881 915 537 735 339 105 245 861 399 331 735 629 457 907 885 903 9
87 105 669 49 190 210 259 587 229 523 699 21 210 735 735 735 735 735 735 175 105 718 938 255 777 287 465 735 635 465 175 770 5 978 285 950 735 870 653 255 105 282 674 420 839 21 455 965 595 105 435 291 543 385 903 555 10 7 203 661 965 28 980 310 223 525 553 983 802 770 861 573 210 705 195 733 787 631 919 497 889 665 235 795 679 723 15 35 210 55 630 630 431 749 546 15 690 510 555 201
45 725 669 105 789 455 33 735 723 259 255 854 147 735 735 735 735 735 735 39 555 771 785 267 645 210 843 849 413 469 155 930 35 659 742 951 90 579 510 105 300 217 735 49 109 938 105 65 735 735 630 987 726 413 585 870 555 645 630 365 942 939 595 357 525 105 889 75 293 525 105 826 546 881 385 285 84 609 823 735 255 466 573 595 31 315 555 9 903 280 915 895 633 735 381 795 135 210 258 735
665 617 917 259 693 385 315 903 210 129 465 105 815 735 735 735 735 735 735 685 55 105 5 681 509 865 805 105 371 35 397 861 959 426 945 381 153 789 973 347 45 371 813 105 669 775 885 765 231 427 49 189 973 365 435 455 21 763 210 635 805 755 245 717 21 195 653 755 483 7 877 825 42 413 953 789 915 75 365 998 345 511 753 105 735 315 543 331 651 63 140 903 705 863 895 827 741 259 987 75
75 690 665 573 105 177 287 270 595 525 70 210 825 735 735 735 735 735 735 65 165 525 609 709 525 939 173 315 861 959 795 555 166 735 447 35 987 210 511 525 735 705 908 205 777 735 168 861 955 105 315 139 195 455 505 525 35 723 958 399 630 573 695 413 735 735 155 246 917 14 105 140 930 805 735 490 501 643 106 635 70 105 490 66 665 303 966 105 655 75 630 994 525 546 339 609 546 210 735 651
310 873 717 5 21 335 30 514 983 140 15 745 665 735 735 735 735 735 735 827 785 155 769 415 785 903 305 749 199 885 966 805 665 501 525 741 210 455 593 595 735 255 865 945 885 870 420 105 42 586 651 677 635 570 399 21 820 42 805 21 37 487 77 735 674 195 210 215 765 14 595 105 15 840 15 681 455 717 905 417 435 278 735 6 105 285 105 357 907 226 385 971 450 875 995 685 213 695 525 933
755 735 903 630 973 825 826 639 595 231 505 455 735 735 735 735 735 735 735 705 595 595 105 35 687 861 735 525 565 623 390 287 190 707 985 371 811 525 35 753 735 390 315 813 895 357 645 345 643 655 378 447 105 581 231 651 609 335 805 210 547 161 511 267 385 770 889 930 861 930 259 30 746 791 610 987 335 735 773 455 819 357 105 105 21 345 809 441 993 973 159 705 75 91 60 105 685 630 609 371
845 6 483 930 735 315 630 735 273 777 317 630 401 735 735 735 735 735 735 987 105 665 249 581 763 981 525 519 595 455 295 843 770 669 721 609 795 175 807 210 399 210 215 471 483 315 1002 685 885 942 651 525 645 420 225 735 525 953 51 553 385 805 465 907 15 105 465 105 294 630 105 707 565 305 35 175 115 273 30 105 645 685 755 315 7 203 525 23 465 490 610 399 21 79 21 107 393 805 959 987
987 843 455 710 105 615 695 973 641 543 117 365 365 735 735 735 735 735 735 10 805 498 105 647 761 815 555 37 35 465 555 505 315 83 515 525 721 630 985 569 411 175 21 190 917 723 645 555 465 455 886 14 165 465 322 555 555 678 870 995 435 991 381 679 435 635 762 210 603 315 315 930 915 35 35 903 635 525 681 465 805 105 805 763 70 90 870 483 534 315 63 574 735 571 519 525 959 903 35 420
751 609 735 300 113 735 7 9 210 555 951 215 315 735 735 735 735 735 735 35 273 75 651 210 390 777 915 707 70 761 210 135 210 485 733 230 515 917 84 9 287 831 787 755 642 267 645 762 735 435 665 114 651 543 735 147 574 813 291 781 933 105 571 345 825 861 505 934 285 435 615 245 315 363 195 161 282 807 199 595 315 339 805 317 355 315 210 945 31 805 265 885 795 269 619 525 623 60 665 357
127 265 915 84 271 707 997 987 175 647 185 543 441 735 735 735 735 735 735 140 315 721 609 525 335 735 70 105 915 435 906 650 385 955 345 50 665 915 807 861 75 951 985 699 709 350 855 547 623 213 105 210 975 469 835 525 237 525 140 84 453 129 25 315 505 633 10 903 941 42 525 75 203 515 7 609 798 798 735 595 315 105 21 399 42 357 435 865 735 35 205 915 630 735 609 895 210 547 866 345
809 210 861 805 819 770 42 345 985 249 140 515 915 735 735 735 735 735 735 399 606 553 525 23 404 885 537 987 378 581 523 322 109 105 469 735 903 379 840 315 770 885 273 273 647 93 966 945 433 105 355 707 595 665 217 785 651 105 455 791 901 195 885 210 477 747 231 630 795 210 35 877 770 573 385 210 113 195 805 889 643 805 623 885 707 105 797 210 217 541 789 723 515 645 699 777 3 285 959 525
883 595 915 345 59 546 105 777 70 665 238 105 903 735 735 735 735 735 735 170 622 105 769 335 623 399 973 987 259 375 973 885 105 105 770 987 537 941 713 909 315 357 222 147 357 954 587 49 525 777 878 105 189 985 971 441 735 45 763 545 609 553 805 131 35 511 525 330 395 65 525 63 175 267 735 462 581 539 885 965 569 469 203 210 994 343 285 721 761 183 994 855 665 355 181 105 273 545 827 579
21 165 525 809 805 626 710 175 635 309 231 633 255 735 735 735 735 735 735 959 735 525 311 921 831 189 705 435 700 259 35 651 595 735 821 283 985 721 447 491 525 399 798 623 9 140 84 345 105 105 599 905 555 813 420 465 665 45 525 661 419 87 301 259 610 631 273 474 805 267 105 483 337 195 180 210 705 189 315 623 501 84 126 45 105 735 905 245 20 210 315 651 821 965 966 973 7 535 235 511
245 555 595 714 665 553 345 531 21 525 777 745 573 735 735 735 735 735 735 826 105 910 42 665 505 615 831 140 183 210 605 755 435 257 399 75 15 305 357 683 830 749 545 15 91 185 105 210 465 571 903 371 75 861 930 966 15 525 707 285 835 446 706 890 441 57 797 159 735 399 245 140 609 75 294 505 175 685 945 959 830 963 555 609 70 573 355 579 105 937 120 910 399 35 140 645 490 305 105 651
723 105 994 285 997 930 537 735 693 795 21 717 693 735 735 735 735 735 735 917 886 203 417 159 735 145 3 623 705 69 791 265 819 651 714 105 885 849 385 315 210 959 435 105 525 917 805 219 654 63 877 770 839 165 525 613 105 230 35 994 155 485 631 411 147 35 175 45 534 635 1002 140 285 910 385 735 651 105 861 875 270 868 735 455 315 441 505 21 411 147 105 853 735 709 525 315 273 721 349 885
645 681 63 563 65 755 175 465 879 735 345 665 483 735 735 735 735 735 735 366 51 543 875 679 745 945 149 830 885 399 825 469 210 115 35 217 126 861 7 575 815 595 357 941 921 193 315 249 195 983 385 195 959 831 855 105 630 978 749 705 465 21 245 947 249 385 805 895 805 675 465 105 777 735 685 298 819 399 673 905 927 789 210 1002 661 915 87 655 595 795 831 181 795 283 322 735 777 651 75 70
245 609 691 910 929 645 617 345 735 105 725 631 305 735 735 735 735 735 735 345 210 105 57 191 231 168 615 259 665 609 545 165 105 225 286 895 945 15 653 861 966 735 765 645 511 105 835 691 370 525 651 735 69 777 525 991 105 11 903 205 525 571 525 525 105 1 357 465 465 633 357 651 885 417 105 615 705 843 623 105 55 826 105 315 645 469 591 490 95 525 861 823 140 485 917 35 591 807 315 707
647 569 165 619 807 780 301 3 345 790 385 763 595 735 735 735 735 735 735 765 525 77 235 749 525 175 835 994 553 483 93 945 503 447 924 61 861 519 813 535 651 889 821 714 630 861 330 563 699 635 369 735 727 945 525 615 865 70 987 911 651 985 993 789 210 515 77 315 7 714 345 119 753 975 455 655 651 985 739 609 873 159 997 721 126 595 5 854 609 350 84 105 135 427 546 287 685 945 534 133
955 519 903 861 35 630 910 839 503 685 821 465 422 735 735 735 735 735 735 95 770 973 175 821 231 835 777 719 735 434 555 971 623 525 590 215 795 875 65 9 210 757 301 525 69 315 915 910 186 175 525 660 525 739 435 427 399 75 335 246 777 805 287 129 15 239 35 35 490 355 707 210 359 732 755 915 665 631 903 385 665 614 177 637 775 745 1001 273 609 525 993 35 147 645 525 269 619 894 751 987
955 426 525 707 618 105 853 735 861 105 933 727 315 735 735 735 735 735 735 471 655 801 861 105 465 843 882 777 357 742 505 595 39 60 793 914 210 84 497 185 994 745 210 165 497 399 735 570 777 645 885 455 905 219 525 879 735 15 210 795 845 967 763 655 687 255 165 105 742 813 658 819 995 573 581 515 3 273 665 249 525 21 742 413 406 789 630 773 294 861 659 245 413 915 905 717 215 985 555 890
535 3 525 915 33 869 105 415 943 235 14 105 861 735 735 735 735 735 735 727 525 7 345 339 665 805 717 301 115 579 105 70 420 590 609 84 231 615 21 147 87 311 427 590 339 161 777 50 690 525 973 843 723 541 55 691 245 794 753 145 861 455 791 395 245 745 965 378 867 105 861 805 15 126 595 622 39 510 21 273 925 105 511 315 795 973 739 586 973 861 421 483 735 315 945 735 735 599 645 245
867 870 849 595 719 126 546 555 609 669 385 205 623 735 735 735 735 735 735 371 525 217 710 21 329 315 489 885 746 294 945 749 105 645 861 735 895 635 225 3 659 947 595 105 735 339 329 805 707 903 623 599 273 210 917 717 7 135 291 42 835 105 765 931 525 105 591 651 120 642 917 965 231 735 525 105 795 315 959 645 175 210 545 777 525 609 883 84 579 630 19 479 417 705 805 889 210 505 35 595
25 115 105 763 885 217 195 661 805 790 915 252 917 735 735 735 735 735 735 21 63 210 125 630 555 309 131 959 483 267 3 807 786 937 231 525 525 977 595 791 653 609 140 535 777 687 42 365 805 487 282 105 42 926 795 777 993 655 555 840 525 525 315 497 42 679 543 35 917 757 105 735 895 525 609 489 835 321 25 255 435 525 735 84 345 14 821 615 266 393 535 665 525 435 933 175 698 805 637 987
485 483 471 705 105 255 385 595 555 115 525 609 537 735 735 735 735 735 735 597 895 545 30 467 651 42 889 315 839 453 765 525 315 379 195 280 987 55 985 105 521 87 45 217 725 147 175 777 455 70 785 570 495 93 350 983 735 489 353 953 105 995 609 651 981 126 105 79 63 525 155 483 35 987 281 921 885 735 929 105 310 745 795 987 105 955 445 35 55 93 735 955 710 315 931 595 955 95 938 337
735 49 735 777 315 735 60 84 687 525 303 525 861 735 735 735 735 735 735 255 525 205 483 91 750 980 777 345 105 355 985 237 987 683 210 630 993 131 511 385 687 805 105 449 709 60 690 525 385 439 623 565 669 210 159 525 705 502 753 147 525 965 987 105 42 735 595 470 23 385 665 147 322 84 603 35 813 255 762 483 547 903 5 695 413 126 84 735 35 511 167 938 357 245 385 90 917 777 755 159
30 455 105 966 175 665 525 755 455 42 735 585 523 735 735 735 735 735 735 105 535 553 42 927 645 7 483 805 145 51 203 75 235 271 455 427 315 15 595 735 525 735 285 165 35 595 70 511 462 889 505 749 385 483 635 139 15 390 445 993 525 714 525 917 105 798 255 973 885 630 765 777 735 679 785 21 217 378 655 249 15 223 965 573 849 755 498 690 5 555 714 915 479 705 685 231 861 210 630 553
462 588 329 915 840 371 651 873 217 189 805 910 903 735 735 735 735 735 735 945 777 280 690 843 273 119 94 635 795 525 535 271 609 645 903 525 511 525 215 450 889 485 887 623 485 430 511 322 15 105 63 249 537 315 311 581 535 326 905 105 665 335 107 903 795 315 623 70 525 790 714 791 249 887 805 465 465 681 807 420 805 189 410 798 39 42 826 23 805 455 273 231 491 63 807 715 210 357 519 573
933 135 959 581 751 195 525 987 235 490 941 150 150 735 735 735 735 735 735 959 555 651 707 168 511 615 690 175 953 665 555 35 70 339 921 721 679 701 185 805 861 231 111 15 469 345 15 42 595 635 985 465 231 966 777 21 581 65 357 910 21 545 315 617 70 145 579 785 861 795 105 477 525 420 615 294 1 525 777 195 210 566 569 885 917 231 525 315 265 607 525 383 903 385 735 615 875 21 735 273
515 651 861 574 245 543 959 597 555 545 291 995 859 735 735 735 735 735 735 205 658 861 735 105 357 510 965 575 365 255 49 753 475 445 105 45 357 709 581 987 345 735 287 910 499 574 699 885 51 105 965 735 510 441 785 357 885 770 431 159 205 245 917 210 393 15 210 735 609 690 195 210 285 861 315 545 465 665 483 595 690 669 105 42 965 279 770 994 105 705 805 129 135 161 197 845 85 505 109 235
805 730 111 753 435 665 455 855 127 635 525 771 420 735 735 735 735 735 735 371 315 559 105 168 225 796 105 543 595 195 735 35 735 14 291 915 903 581 861 791 309 35 519 427 861 511 171 75 21 826 665 90 105 305 245 919 15 861 107 69 885 987 710 805 537 630 879 285 805 903 665 609 805 987 315 105 497 690 674 485 105 665 42 327 455 709 773 753 210 705 553 33 651 959 595 39 147 798 995 210
327 427 719 865 525 555 543 357 985 805 735 537 705 735 735 735 735 735 735 98 105 231 987 195 609 147 465 525 973 180 525 735 975 435 385 420 595 853 453 147 70 795 455 615 385 977 591 147 565 654 75 749 903 413 870 471 665 411 585 525 42 525 165 443 415 615 609 265 79 945 861 805 525 699 777 273 161 849 225 785 835 801 417 795 939 462 501 238 917 930 515 525 154 157 966 525 587 140 579 965
825 609 665 861 315 7 805 315 673 365 39 606 553 735 735 735 735 735 735 235 679 465 313 670 485 831 525 555 255 315 815 834 55 830 406 805 60 795 273 35 987 49 381 280 427 25 855 4 339 639 357 579 315 105 907 987 573 735 635 795 535 641 553 105 595 370 670 805 745 126 255 501 75 35 105 895 115 805 105 939 955 465 525 202 770 721 546 791 105 763 993 622 770 854 105 137 350 755 863 525
809 885 597 915 3 579 853 45 255 831 203 518 443 735 735 735 735 735 735 687 210 685 615 749 395 705 735 285 385 623 749 189 373 761 379 511 665 971 987 157 6 259 597 840 861 910 415 609 225 903 785 693 805 655 385 805 705 255 673 245 537 483 903 705 546 595 735 465 45 413 245 970 455 339 287 805 413 193 945 573 535 735 555 7 84 993 399 399 875 535 711 21 840 485 623 10 805 930 15 577
770 615 210 807 798 791 413 91 915 105 735 861 694 735 735 735 735 735 735 147 879 411 770 35 7 30 15 885 105 735 365 245 273 345 665 525 210 335 555 651 245 229 885 294 225 753 885 795 105 427 469 390 171 497 235 910 557 553 30 879 165 259 575 597 129 147 623 609 805 865 483 175 665 945 826 173 865 105 329 805 570 623 974 119 613 357 275 259 753 595 623 735 523 553 337 995 665 35 555 595
105 35 735 515 203 615 15 525 497 987 141 563 359 735 735 735 735 735 735 685 525 973 839 879 630 525 555 599 525 30 490 35 525 999 531 255 623 35 345 42 995 105 233 687 95 85 547 883 525 630 585 945 735 210 315 453 411 465 273 57 21 546 910 525 219 565 742 965 525 735 665 35 390 3 735 645 711 735 770 591 735 7 449 665 75 435 435 973 721 105 70 735 797 985 635 409 21 645 579 777
915 245 357 795 399 579 245 655 345 705 35 35 70 735 735 735 735 735 735 105 525 105 581 930 933 45 10 910 643 294 357 443 175 365 329 795 805 231 393 183 980 735 165 947 105 515 525 570 861 593 795 889 735 651 911 145 742 273 723 385 287 455 717 357 707 397 42 3 630 705 3 469 907 223 245 399 141 812 155 735 595 150 105 861 921 483 581 595 483 805 195 210 917 735 735 525 505 21 113 22
35 735 21 927 455 455 615 525 975 438 595 525 815 735 735 735 735 735 735 681 235 865 915 693 490 537 642 791 447 975 735 467 757 719 195 973 337 385 593 231 993 705 894 210 105 861 651 954 245 910 763 105 521 35 170 210 165 777 705 21 255 15 861 5 987 546 517 987 245 335 543 105 935 14 42 971 885 910 7 655 959 570 735 805 420 895 210 535 937 105 651 263 21 105 695 595 505 483 707 140
717 765 525 699 915 917 177 21 435 735 735 735 735 735 735 735 735 735 735 735 735 735 735 735 735 735 735 735 735 735 735 735 735 735 735 735 735 735 735 735 735 735 987 823 700 651 385 615 735 785 861 273 511 693 809 255 201 610 59 791 790 849 30 10 555 695 294 425 105 595 91 315 861 210 714 867 105 30 849 525 861 35 365 515 5 245 843 465 63 105 285 39 717 843 105 105 735 601 735 420
553 465 301 14 443 139 819 623 42 735 735 735 735 735 735 735 735 735 735 735 735 735 735 735 735 735 735 735 735 735 735 735 735 735 735 735 735 735 735 735 735 735 130 35 595 210 651 315 357 2 455 903 383 70 747 309 399 807 615 329 817 903 515 974 983 889 73 978 623 251 535 530 511 651 915 61 210 203 609 525 469 735 813 82 805 455 15 21 105 35 35 903 991 245 805 565 630 147 165 903
623 875 805 483 525 795 177 441 10 735 735 735 735 735 735 735 735 735 735 735 735 735 735 735 735 735 735 735 735 735 735 735 735 735 735 735 735 735 735 735 735 735 105 980 573 557 547 385 922 917 313 83 287 395 707 665 579 393 987 770 35 105 287 965 105 685 885 573 930 865 623 881 770 497 371 805 345 5 815 231 229 879 735 875 35 489 210 595 315 21 683 777 805 630 20 805 203 310 175 93
655 863 457 595 755 825 70 735 595 735 735 735 735 735 735 735 735 735 735 735 735 735 735 735 735 735 735 735 735 735 735 735 735 735 735 735 735 735 735 735 735 735 30 849 63 523 119 875 347 117 245 645 469 823 105 205 546 35 930 581 518 210 12 433 267 20 586 955 42 5 987 205 665 309 705 63 805 777 365 735 105 159 55 490 89 2 835 775 234 45 21 210 707 255 441 993 139 805 895 903
861 271 870 455 135 585 615 805 105 735 735 735 735 735 735 735 735 735 735 735 735 735 735 735 735 735 735 735 735 735 735 735 735 735 735 735 735 735 735 735 735 735 665 147 807 945 905 469 537 875 721 525 511 595 19 643 903 905 777 35 315 735 105 741 579 525 805 609 581 119 21 165 25 280 633 105 415 537 965 595 205 770 532 777 987 665 345 933 231 695 587 701 889 615 21 255 557 525 819 870
683 455 690 105 609 966 147 63 525 735 735 735 735 735 735 735 735 735 735 735 735 735 735 735 735 735 735 735 735 735 735 735 735 735 735 735 735 735 735 735 735 735 711 60 885 669 420 581 210 885 805 17 735 147 211 623 385 105 865 525 515 35 819 175 315 815 819 511 639 15 581 301 219 310 455 595 59 685 745 707 853 467 579 378 735 426 660 70 615 385 609 530 987 735 651 705 669 651 885 917
335 747 414 223 111 573 3 985 921 735 735 735 735 735 735 735 735 735 735 735 735 735 735 735 735 735 735 735 735 735 735 735 735 735 735 735 735 735 735 735 735 735 303 811 570 721 177 978 825 5 35 210 105 215 665 750 985 210 28 303 510 399 217 55 807 777 461 395 399 9 645 21 238 525 685 753 609 7 495 633 987 651 345 15 939 35 745 717 582 215 137 690 581 993 595 525 30 849 890 267
133 420 966 105 595 385 105 210 383 903 861 155 651 735 735 735 735 735 735 525 615 510 665 755 997 595 915 655 939 155 835 42 735 590 767 35 749 245 287 345 525 471 651 511 203 995 681 322 70 885 35 210 665 105 165 420 591 537 369 415 749 45 545 630 765 660 385 525 749 699 105 698 315 597 795 889 730 804 765 70 525 903 140 809 581 19 525 153 770 609 385 330 85 252 791 651 919 285 770 185
399 525 595 938 39 747 84 915 735 21 465 285 21 735 735 735 735 735 735 195 903 987 922 525 840 443 105 285 849 315 645 474 753 177 375 525 997 651 651 747 63 35 30 861 601 445 5 945 903 831 35 15 595 854 735 273 510 165 393 789 633 717 315 883 90 447 595 658 798 865 630 730 951 315 766 460 745 15 350 669 525 357 615 395 665 765 231 805 609 273 35 497 79 15 63 735 613 665 811 105
35 735 735 158 602 21 399 190 555 495 77 597 221 735 735 735 735 735 735 753 777 735 690 910 105 553 525 357 630 915 140 785 525 317 210 29 555 42 565 483 364 539 593 280 705 70 51 455 105 619 65 21 35 285 165 903 105 21 651 525 924 705 30 735 35 315 69 707 415 195 805 313 797 545 235 35 315 870 906 84 301 865 465 755 665 35 553 717 645 815 597 601 645 369 705 63 227 635 265 610
385 555 553 890 786 861 658 745 735 926 651 315 273 735 735 735 735 735 735 42 545 105 21 6 735 83 545 75 591 447 865 870 40 35 315 609 525 763 291 555 615 927 665 322 410 595 609 291 70 643 315 91 490 525 875 195 587 14 525 114 910 285 105 515 210 518 315 942 798 117 371 165 861 3 14 695 70 705 259 210 363 931 210 805 831 330 337 140 807 745 795 626 183 1002 633 685 945 375 165 635
815 315 595 615 609 555 717 259 861 854 541 861 231 735 735 735 735 735 735 630 350 987 511 42 595 843 669 21 433 507 714 329 705 315 597 555 21 357 465 63 770 877 399 105 677 714 665 735 555 842 308 763 707 237 535 815 623 126 105 798 35 905 21 749 249 105 77 309 645 681 535 705 159 763 914 525 815 665 15 545 395 709 785 315 273 745 42 885 777 641 205 415 917 831 631 497 678 385 417 259
265 889 210 555 985 840 15 966 615 705 903 6 5 735 735 735 735 735 735 150 609 231 465 205 455 595 683 643 879 525 273 765 595 945 21 339 10 875 903 70 501 315 469 63 987 987 993 525 573 876 315 636 525 267 677 345 805 357 525 465 798 371 609 105 553 757 579 735 771 735 890 210 474 105 105 469 449 245 929 210 623 511 915 415 915 655 21 420 777 165 84 315 709 35 255 266 525 639 7 523
987 260 853 763 805 545 889 735 685 35 591 7 105 735 735 735 735 735 735 525 889 581 483 994 55 710 903 65 315 938 501 105 661 231 165 35 609 35 83 905 147 789 811 315 735 267 399 455 35 770 945 597 293 75 105 483 35 15 763 789 777 925 35 7 545 135 355 133 385 791 821 285 21 761 140 5 953 645 15 165 609 105 487 327 798 406 45 647 35 105 749 653 798 497 315 55 70 887 685 609
65 105 975 42 665 553 555 518 75 835 555 589 679 735 735 735 735 735 735 105 903 165 525 967 1002 965 595 905 25 2 889 525 861 903 399 510 861 357 70 749 595 687 203 35 615 987 665 835 690 42 70 519 525 175 210 126 763 385 35 455 381 553 105 745 441 70 633 975 994 77 483 755 511 895 459 255 707 393 147 735 553 581 665 615 525 399 763 270 79 28 623 399 217 21 14 707 35 3 245 895
665 315 287 465 995 229 526 595 609 161 595 441 35 735 735 735 735 735 735 665 903 693 565 15 909 447 217 609 797 385 345 973 105 645 525 985 790 525 865 357 505 145 643 9 30 903 670 147 210 919 987 349 813 5 615 213 763 714 111 945 966 840 217 273 65 546 861 855 355 105 825 595 574 665 705 438 63 105 669 917 525 210 735 21 525 763 693 119 543 595 315 685 315 435 987 623 315 721 730 643
390 777 917 681 938 14 259 21 175 150 541 15 903 735 735 735 735 735 735 70 469 890 745 633 95 609 795 371 987 75 665 903 910 934 595 525 840 371 973 371 483 601 861 840 501 595 210 217 345 45 177 35 1 105 420 665 420 665 613 385 525 35 273 555 735 805 30 357 505 721 735 763 917 553 919 673 133 805 665 595 45 665 410 665 135 615 105 321 417 210 35 651 630 525 35 5 167 66 630 735
483 28 159 607 705 385 545 165 545 735 717 805 70 735 735 735 735 735 735 315 515 615 615 181 105 705 420 115 785 60 971 15 441 910 539 70 42 465 669 635 805 777 839 105 987 921 315 417 651 42 745 385 210 681 310 435 301 705 705 15 525 651 455 917 438 840 709 735 581 511 381 105 917 365 273 273 434 771 387 205 879 225 951 77 973 337 595 35 415 359 615 735 411 411 462 915 553 906 705 273
885 761 623 399 933 571 813 651 210 721 723 315 885 735 735 735 735 735 735 735 265 665 393 530 105 995 565 685 618 875 975 385 231 633 327 805 45 399 355 885 15 870 85 141 315 789 462 295 545 465 895 915 658 681 315 789 420 35 395 133 945 385 315 815 147 735 735 105 645 903 355 42 205 631 973 462 223 599 677 315 735 889 887 231 749 245 525 967 679 642 399 74 555 735 673 641 549 359 417 525
420 455 211 25 205 399 613 487 385 453 755 63 22 735 735 735 735 735 735 939 577 535 545 735 2 525 285 21 653 345 595 21 177 630 91 735 477 635 905 33 357 455 609 515 42 35 105 763 147 546 465 885 445 717 922 427 105 362 829 595 413 21 539 375 70 581 797 523 525 555 350 255 515 735 847 525 397 790 350 735 7 385 881 3 315 210 917 670 365 465 615 447 141 651 75 465 87 120 945 849
441 433 623 385 751 706 735 427 987 525 510 479 411 735 735 735 735 735 735 655 315 105 105 415 834 42 273 7 890 525 735 755 821 35 555 350 318 537 753 645 795 483 490 365 609 654 105 525 623 619 105 381 763 245 929 966 665 695 630 785 245 265 745 525 595 350 623 707 7 21 105 455 315 105 610 959 525 778 885 63 643 655 885 42 205 705 798 735 978 885 853 757 629 714 519 469 590 787 615 168
435 595 515 819 395 15 685 301 413 21 213 280 420 735 735 735 735 735 735 581 815 105 745 15 30 553 707 350 161 210 617 385 907 42 665 577 563 735 679 795 371 865 350 987 455 345 995 861 75 991 210 413 903 7 259 371 861 7 315 35 930 420 105 602 619 399 717 825 585 367 587 175 435 91 965 707 105 966 490 665 707 645 427 735 150 543 203 131 903 5 861 105 777 210 185 511 70 982 35 700
57 245 609 705 350 525 315 141 435 399 205 945 223 735 735 735 735 735 735 489 525 705 105 30 693 819 665 453 581 30 135 469 567 435 579 865 966 105 465 577 609 203 773 105 365 863 630 21 119 30 30 889 210 42 276 879 678 906 985 635 853 165 955 420 435 939 525 834 915 955 210 7 690 665 645 420 445 455 735 245 645 595 945 987 723 927 718 30 870 35 761 691 735 915 35 739 811 630 465 615
705 245 917 777 97 483 749 510 525 705 757 45 21 735 735 735 735 735 735 983 565 795 105 535 633 645 9 210 945 420 693 685 705 294 505 651 225 163 213 525 989 763 399 830 355 30 385 790 539 471 938 385 861 411 309 70 446 873 915 357 205 669 807 618 699 645 273 385 921 75 595 175 735 21 255 670 203 645 63 733 681 721 707 525 643 825 45 210 681 111 147 505 483 983 805 189 90 790 303 3
995 6 805 93 825 825 645 385 443 197 945 271 615 735 735 735 735 735 735 591 77 745 330 699 9 525 965 795 819 753 35 945 597 593 195 933 777 785 585 590 105 337 518 255 7 70 553 633 339 818 131 805 687 955 563 645 798 105 945 365 287 875 6 434 700 255 721 847 357 455 213 861 577 485 107 75 735 3 865 483 945 98 265 889 623 734 105 462 51 555 210 525 991 390 339 861 105 623 189 525
903 161 147 555 861 987 777 770 219 501 815 126 921 735 735 735 735 735 735 593 915 3 70 420 599 695 798 805 105 753 525 735 665 865 413 335 799 465 21 610 933 585 699 40 753 861 105 777 977 537 647 35 385 915 827 210 15 981 35 878 987 455 309 215 370 7 602 721 105 420 555 491 854 105 469 535 281 998 210 829 35 420 866 105 455 655 147 335 15 685 959 273 665 651 466 573 645 977 177 265
965 161 105 325 525 291 959 175 35 35 205 354 105 735 735 735 735 735 735 10 735 735 210 105 105 945 777 685 602 455 30 665 569 890 266 45 205 659 105 857 63 210 449 798 959 105 717 881 435 105 910 471 955 509 903 84 609 749 903 623 15 273 259 45 21 626 615 105 653 685 385 903 315 785 885 553 7 378 385 995 717 21 795 630 577 735 455 993 933 357 21 831 679 701 515 189 497 470 515 57
614 679 307 987 915 615 25 155 133 273 467 252 483 735 735 735 735 735 735 70 930 197 217 595 805 553 465 595 735 707 570 665 35 602 714 955 483 635 385 415 885 840 809 415 665 63 45 654 987 542 385 985 735 591 105 609 174 56 175 705 705 735 777 525 249 791 777 615 287 735 757 666 665 205 245 35 483 915 93 903 889 388 905 231 315 357 887 301 385 662 591 195 917 787 541 455 35 595 15 147
770 525 35 63 155 70 555 651 581 133 805 20 301 735 735 735 735 735 735 385 991 357 791 695 721 245 265 21 70 14 385 945 875 30 399 395 487 595 446 105 727 585 735 615 19 127 327 455 641 91 525 267 295 590 357 39 995 159 14 995 355 829 565 140 903 854 795 977 385 45 301 875 573 471 42 463 939 905 420 645 140 926 315 105 427 541 735 805 57 147 210 518 163 245 879 939 518 743 15 966
945 619 910 743 386 105 285 30 525 525 35 835 147 735 735 735 735 735 735 665 365 835 811 861 497 815 609 590 705 959 633 959 3 581 695 91 273 958 19 861 974 795 28 665 499 385 545 482 210 35 966 329 811 485 651 518 742 735 1001 587 685 303 966 60 651 230 893 357 282 645 757 903 455 593 735 185 89 581 525 110 699 707 813 805 815 294 105 420 921 420 483 685 213 735 795 233 70 37 315 523
492 345 885 609 545 915 683 105 630 777 755 435 985 735 735 735 735 735 735 735 723 753 355 965 35 237 345 965 210 21 67 129 505 105 945 35 339 315 385 630 217 515 995 735 565 210 231 790 903 985 201 70 630 70 785 465 210 973 84 385 595 890 330 84 665 525 749 177 105 973 903 915 35 485 757 735 591 163 294 655 677 717 33 210 298 105 303 903 749 357 763 590 785 903 609 525 669 483 430 582
645 966 231 273 951 879 105 807 609 615 175 917 595 735 735 735 735 735 735 245 686 355 555 385 665 29 807 921 630 735 427 645 345 711 435 633 435 735 977 505 75 763 35 70 140 30 355 315 525 615 70 203 69 910 641 21 735 462 345 235 105 555 420 61 705 21 959 889 831 70 955 105 595 177 991 805 175 447 955 210 595 777 819 525 595 555 791 183 679 105 519 105 930 147 539 168 826 815 894 885
595 461 565 63 705 105 420 885 70 105 525 553 915 735 735 735 735 735 735 15 807 983 861 609 677 777 789 655 301 805 6 39 555 615 966 63 231 318 807 917 287 175 555 987 557 770 735 905 795 805 649 399 865 327 231 630 763 917 815 129 195 70 381 273 794 430 210 815 714 70 679 483 985 285 105 595 159 501 107 665 189 435 515 210 105 6 515 291 315 945 241 579 21 895 721 87 555 273 9 863
761 951 681 525 983 105 511 465 383 995 525 771 863 735 735 735 735 735 735 35 955 998 681 905 345 930 915 3 665 735 735 735 70 105 651 993 987 105 2 409 30 875 479 301 259 245 21 287 975 35 3 77 708 105 285 325 117 317 140 461 735 210 105 210 665 70 105 609 981 525 755 10 580 890 875 595 105 658 151 553 567 665 770 604 395 189 623 555 765 70 33 798 45 315 553 951 315 195 161 395
877 665 983 70 693 735 813 805 840 21 217 761 840 735 735 735 735 735 735 933 795 665 985 445 413 795 525 420 350 819 915 615 770 420 645 105 21 985 885 665 639 882 815 770 835 623 665 742 890 420 635 735 483 118 135 399 301 573 645 402 595 30 431 777 35 147 595 677 470 280 609 420 177 605 735 70 651 266 705 519 573 643 105 645 420 570 819 745 595 455 739 7 581 735 889 210 655 530 959 55
930 951 789 275 545 14 665 273 545 534 70 615 609 735 735 735 735 735 735 985 695 415 140 651 389 553 259 385 659 849 545 877 777 419 609 791 7 518 210 245 595 645 945 287 315 685 865 273 723 30 903 105 669 60 505 933 42 329 175 905 105 959 945 785 285 395 210 399 237 721 303 245 399 385 735 945 133 636 763 525 105 525 210 735 315 385 903 582 298 735 595 910 75 35 735 21 653 413 237 225
735 91 15 555 735 277 707 355 231 930 735 595 895 735 735 735 735 735 735 618 525 679 465 449 315 885 546 238 679 491 651 555 615 105 357 735 721 363 42 205 789 399 126 859 205 615 546 953 21 609 245 165 35 525 75 105 885 915 140 467 59 735 875 819 695 381 411 875 707 193 903 835 119 659 735 70 75 465 525 570 123 465 959 365 175 593 855 815 494 385 665 255 791 645 365 593 9 557 735 155
615 515 798 687 834 581 186 733 211 657 735 665 165 735 735 735 735 735 735 539 237 511 593 933 35 894 815 315 723 519 87 995 973 795 525 593 885 619 15 885 415 445 357 746 807 339 182 210 581 483 105 105 210 175 725 141 327 455 210 687 420 547 835 5 91 90 819 955 911 609 665 875 255 555 140 723 293 345 735 798 63 553 927 337 331 119 63 735 381 203 721 735 109 222 617 91 47 791 105 735
291 758 518 255 21 190 651 617 420 623 813 967 795 735 735 735 735 735 735 213 7 789 105 395 45 549 606 917 795 105 15 665 910 777 563 995 77 606 519 266 315 197 525 371 84 21 839 525 385 105 97 385 641 511 355 525 231 455 14 615 167 813 420 7 9 20 595 329 339 2 595 670 210 210 483 735 581 102 831 489 315 735 390 714 905 375 805 795 609 181 49 630 565 795 917 777 15 35 364 699
210 971 653 386 947 705 707 950 73 735 7 7 807 735 735 735 735 735 735 771 735 423 455 903 479 953 693 802 205 643 875 939 883 545 765 770 350 476 987 205 910 490 777 973 140 777 511 30 20 70 525 615 483 861 35 105 840 755 329 245 735 105 490 870 805 105 966 835 399 273 889 805 735 210 651 775 305 259 502 525 985 210 105 861 879 765 535 735 21 865 915 35 870 735 465 959 910 826 42 683
265 307 509 315 285 511 973 935 735 597 70 371 263 735 735 735 735 735 735 210 525 105 651 677 575 287 137 645 861 665 499 595 930 597 574 469 665 455 63 861 735 141 461 70 140 10 795 665 15 705 210 987 987 315 210 630 35 438 259 501 401 662 345 497 105 861 210 735 705 5 995 753 369 951 435 735 420 877 543 89 595 433 903 3 35 735 49 365 525 721 385 12 791 35 665 735 455 33 15 877
910 35 35 45 45 105 386 15 210 651 555 571 329 735 735 735 735 735 735 825 15 735 487 45 763 903 785 70 769 21 455 885 889 35 717 805 91 807 235 755 45 350 545 455 673 687 987 105 150 417 505 690 525 822 805 595 115 777 770 595 189 210 11 543 721 709 413 70 987 181 591 455 21 623 791 715 420 895 441 546 210 95 21 210 751 221 195 367 525 105 183 511 3 210 924 137 665 347 315 1
735 735 861 497 245 105 175 85 805 21 255 483 495 971 245 497 595 210 805 91 805 25 309 476 420 595 870 615 825 823 115 105 345 697 35 665 489 273 739 45 770 651 777 105 70 597 485 690 45 545 645 217 721 350 245 280 511 105 879 245 487 327 3 917 735 593 525 795 931 861 945 545 546 831 795 35 273 263 645 606 777 795 993 105 555 431 12 399 651 93 525 105 977 213 70 70 695 839 130 455
210 889 213 525 939 791 861 105 445 723 469 903 885 218 194 805 70 462 471 35 70 727 6 453 987 557 623 709 555 615 651 903 84 205 315 30 301 170 875 915 606 420 525 735 105 997 27 831 757 249 420 105 997 662 437 617 420 519 997 630 14 175 757 70 717 921 350 879 197 765 105 185 70 315 805 315 595 519 805 133 863 1002 525 453 755 535 995 819 447 861 20 93 60 929 413 525 791 210 455 651
707 175 145 245 770 79 903 35 210 105 987 945 903 84 805 491 945 420 765 620 315 853 798 420 735 175 665 63 10 863 75 602 665 295 70 939 833 210 651 525 15 665 70 711 105 830 343 924 175 210 849 749 705 755 854 975 285 219 84 910 630 558 582 795 105 635 45 833 435 70 21 449 465 483 873 693 811 525 721 60 885 503 945 613 861 70 245 115 210 455 180 535 433 973 239 475 255 630 717 537
690 695 595 795 805 105 915 915 973 795 165 618 45 693 787 777 575 65 795 105 735 615 420 811 175 210 315 335 301 925 70 905 657 735 791 490 29 140 98 951 6 103 455 903 67 365 721 813 315 337 497 345 489 615 21 987 455 210 785 133 490 965 595 420 525 587 15 609 933 385 807 175 630 183 91 859 161 641 357 853 175 903 813 363 941 350 685 273 581 315 491 749 525 798 785 9 165 7 805 687
155 870 525 411 70 30 282 215 485 195 735 735 349 735 970 21 210 525 993 938 717 609 175 933 767 85 31 615 90 420 941 885 329 235 419 930 11 735 933 685 525 903 210 887 797 150 970 315 840 42 389 623 609 665 609 42 465 595 35 245 945 411 163 105 881 251 435 21 553 973 735 751 840 623 105 301 753 453 173 1001 945 525 56 939 593 903 413 777 749 819 570 609 455 685 5 213 615 987 201 105
435 287 735 601 105 958 15 539 291 861 525 753 955 210 786 870 721 175 693 155 195 525 777 994 161 435 695 210 45 651 610 183 105 673 714 105 63 910 609 35 798 285 819 995 210 126 861 609 245 735 665 287 745 105 231 795 815 930 665 14 951 525 339 735 595 439 573 42 87 523 483 390 645 966 47 945 203 105 301 635 105 795 57 987 381 546 543 525 595 805 435 585 525 155 453 875 665 793 987 615
210 35 126 419 105 690 809 197 805 315 335 305 329 581 805 714 70 435 966 749 2 21 735 455 771 875 329 210 705 77 763 525 3 805 655 245 215 971 739 861 447 885 245 5 177 861 310 700 795 985 651 15 347 805 765 903 141 890 795 907 21 595 505 70 105 165 951 140 735 20 3 921 579 849 861 861 210 105 735 515 273 609 315 231 919 511 53 90 665 105 235 690 420 45 30 707 315 595 31 265
511 945 959 525 321 615 537 66 322 147 420 105 4 210 977 420 339 217 291 413 35 966 805 415 915 535 105 885 938 525 658 602 973 595 771 402 219 385 174 70 983 595 35 525 245 127 595 10 749 553 285 731 805 889 462 519 147 15 301 895 105 518 105 735 210 861 203 287 105 965 465 35 630 245 315 695 905 735 565 721 665 609 595 35 894 287 743 875 735 565 525 45 721 97 186 335 615 623 651 861
905 645 827 420 987 705 665 791 345 105 385 651 651 175 6 573 238 70 465 95 555 993 255 105 75 235 210 185 121 485 455 525 345 511 399 30 455 235 45 7 725 519 525 903 525 70 965 679 321 98 210 105 645 189 885 523 210 505 910 3 399 665 315 305 829 252 987 843 823 535 140 45 791 955 333 645 945 443 315 210 2 630 791 613 190 635 653 653 21 525 105 789 541 315 623 645 225 585 267 651
1001 210 381 987 70 939 193 165 945 745 705 695 355 315 455 966 495 849 861 715 679 295 430 357 19 15 815 685 951 937 889 647 140 973 895 555 903 105 70 881 379 771 105 329 465 717 521 763 21 105 75 553 175 285 35 35 511 415 345 590 681 769 805 367 15 433 987 197 645 273 60 7 721 981 150 725 645 310 455 630 189 895 926 179 959 861 28 21 645 555 21 865 105 45 885 105 805 315 719 465
665 201 477 807 525 535 651 105 595 679 35 241 315 321 938 665 963 525 230 15 1002 997 995 105 161 974 617 735 707 33 791 903 501 719 354 170 99 545 105 515 210 497 505 695 854 525 555 245 70 237 915 973 870 665 735 91 10 633 690 859 651 105 9 994 395 7 183 357 615 294 30 455 230 573 879 910 778 385 761 10 771 593 105 345 21 609 651 15 203 693 395 805 215 173 903 561 651 723 807 67
55 910 63 525 595 525 389 315 770 670 399 191 455 641 735 665 903 399 14 467 657 609 565 339 6 651 615 619 471 231 210 665 357 807 745 105 595 721 993 509 865 195 280 679 813 797 161 201 991 241 595 623 570 409 345 21 383 485 805 735 745 105 525 993 665 45 951 385 105 168 15 21 970 291 665 495 763 525 795 35 147 665 525 345 894 413 427 861 42 955 193 595 245 227 890 455 525 811 105 105
763 805 129 385 787 413 273 937 655 39 798 843 70 645 805 485 133 21 435 203 665 835 553 210 210 245 889 21 770 79 140 465 770 257 743 75 30 714 287 973 635 585 365 350 435 95 645 105 965 15 42 595 525 35 595 55 777 420 455 805 355 21 335 833 469 721 135 717 735 210 815 69 770 630 343 93 465 333 840 21 455 525 273 95 210 210 255 147 690 210 823 881 499 315 273 630 895 519 245 595
813 877 525 241 735 70 905 7 525 889 455 175 885 119 397 651 679 669 113 735 25 345 735 714 555 985 885 391 853 915 619 105 559 831 70 610 10 933 3 105 511 210 245 595 779 735 357 910 897 315 105 763 651 679 994 455 75 435 945 955 635 525 805 707 105 735 826 25 878 35 701 203 35 609 445 445 165 471 805 315 90 525 105 685 210 665 210 597 630 609 9 483 315 591 545 294 955 509 273 619
55
87
49
14
16
33
58
73
56
25
65
43
64
51
76
77
36
37
23
4
83
53
27
16
94
82
13
75
30
4
49
17
66
15
40
98
8
30
85
42
10
1
27
23
30
13
31
89
29
90
67
89
73
93
99
44
2
31
29
23
41
32
71
84
85
70
57
4
19
34
62
31
47
85
46
50
57
91
96
10
72
2
5
77
50
87
41
88
30
17
91
30
41
23
48
32
85
3
59
56
28
4
6
6
63
27
40
65
87
41
49
15
58
64
43
14
61
49
70
97
17
68
48
89
49
14
49
19
46
17
45
28
19
32
41
3
88
84
70
17
87
11
3
92
92
93
51
71
3
5
28
29
4
64
78
90
25
57
69
18
61
41
13
54
6
38
16
97
77
25
46
90
24
43
27
59
45
73
12
7
4
85
4
48
59
44
53
77
16
9
52
26
53
33
89
42
46
59
39
54
63
51
6
63
36
77
26
19
39
17
71
53
28
44
76
77
95
23
53
29
27
52
30
83
93
27
1
85
5
57
58
17
84
89
74
26
27
96
12
62
8
80
33
63
5
6
52
13
38
98
54
61
32
4
20
54
92
54
25
40
34
44
24
47
95
48
71
85
41
97
57
65
20
75
65
91
5
66
79
92
95
14
45
77
25
25
54
66
53
17
45
63
11
21
53
27
70
48
99
73
4
81
29
29
92
28
88
65
44
2
16
23
47
82
34
28
24
84
56
97
66
14
24
49
86
52
65
71
45
24
37
89
41
74
26
83
89
41
16
12
70
37
68
77
44
25
54
82
12
37
91
90
4
82
40
65
9
60
54
62
75
79
33
33
62
69
4
91
45
83
70
11
11
57
15
12
75
73
79
37
82
80
93
15
60
27
18
76
86
4
80
29
6
41
17
82
64
82
7
75
72
96
15
21
20
82
80
26
98
58
62
3
63
88
34
94
34
42
18
9
13
19
51
54
21
6
99
17
78
72
68
97
35
93
49
32
88
8
30
33
18
55
43
93
60
45
48
59
59
65
48
54
31
13
50
26
64
88
64
71
18
60
46
60
89
67
67
62
81
39
20
6
83
5
39
76
2
49
33
97
54
38
86
45
96
9
62
9
83
55
68
47
14
96
48
73
54
50
31
9
60
91
49
89
47
66
87
62
59
96
4
95
48
23
72
30
28
34
34
21
40
39
97
67
74
12
67
41
28
48
79
61
63
17
51
32
31
6
67
91
97
80
97
79
27
79
95
18
29
28
79
22
37
26
5
51
54
17
5
44
45
57
36
50
12
61
23
28
71
4
67
68
8
65
89
47
97
90
65
8
89
93
97
40
31
68
30
30
21
61
61
48
5
57
14
44
78
26
47
37
62
49
32
42
67
56
83
67
37
55
22
79
19
60
83
84
92
46
36
87
59
24
16
54
61
79
33
25
86
52
38
15
4
99
4
71
53
47
74
29
91
17
72
39
27
70
48
66
2
42
42
29
34
12
29
99
88
41
97
94
3
40
47
79
62
28
32
64
11
41
8
54
79
39
10
82
49
19
31
89
71
95
53
54
32
27
28
10
23
56
34
76
67
68
57
67
54
95
99
8
85
32
57
59
5
26
88
93
36
16
42
19
15
27
60
70
28
38
30
98
46
72
53
23
25
18
77
34
36
28
33
98
90
68
14
49
70
66
48
26
12
4
26
32
97
81
25
8
51
95
63
22
14
38
61
96
9
79
38
24
97
17
22
5
14
29
66
66
56
9
39
88
51
46
59
2
46
12
20
67
30
19
40
18
3
51
71
7
67
70
4
70
28
71
21
14
68
32
33
27
24
4
2
79
44
93
88
3
50
39
19
82
66
52
55
51
39
68
90
91
48
42
2
24
16
97
70
25
45
57
11
43
45
14
16
59
95
88
29
56
61
42
5
56
37
7
89
39
26
2
50
63
65
5
13
42
53
51
43
58
21
76
52
27
58
9
5
36
13
91
36
4
26
59
55
29
89
5
94
62
5
34
40
67
84
71
86
75
26
59
75
76
45
6
93
67
33
50
76
74
34
56
64
47
74
36
78
32
27
97
38
57
76
64
22
19
45
59
77
92
45
22
44
54
45
7
10
22
34
95
19
70
37
28
11
56
80
19
64
95
51
87
11
97
91
4
95
52
15
2
20
93
3
27
58
76
28
40
58
12
26
50
58
60
35
16
53
84
73
24
37
67
81
98
42
18
17
59
2
14
18
7
56
8
7
88
98
66
72
75
17
29
31
8
17
72
64
29
95
6
51
28
62
77
94
24
75
26
96
65
54
97
91
39
80
88
13
10
99
48
81
27
68
52
80
4
38
12
1
31
18
14
31
29
49
5
97
73
56
99
79
65
12
75
36
65
25
12
70
21
44
25
57
33
1
95
7
10
50
62
67
52
3
31
54
43
13
84
48
64
44
93
4
92
86
9
73
70
79
6
47
18
48
81
1
87
3
87
25
2
1
36
96
7
24
58
92
1
9
45
53
27
14
66
35
51
9
24
91
75
11
28
45
41
41
66
86
52
31
7
84
2
67
92
41
23
99
69
33
44
60
15
97
54
77
52
98
35
46
13
35
64
31
44
32
82
45
39
19
54
55
99
30
27
20
93
97
79
57
77
52
26
42
1
5
85
99
60
69
28
86
10
20
46
79
93
50
74
49
28
96
48
8
25
12
28
1
92
87
28
82
15
87
57
9
43
19
63
34
43
49
1
19
22
43
27
4
55
87
46
25
27
77
84
63
44
36
41
44
68
12
31
22
11
45
5
40
33
71
32
7
83
16
48
22
66
86
57
77
50
67
50
95
57
77
35
86
75
43
44
28
38
93
72
64
54
91
94
21
48
60
43
70
17
97
55
36
41
34
90
39
61
59
58
57
31
78
13
60
54
46
56
24
73
87
85
84
96
65
87
65
1
70
13
20
27
28
20
99
62
71
20
69
7
54
33
67
51
84
95
43
2
12
72
2
73
8
7
22
75
80
8
63
7
98
57
95
5
69
92
62
43
77
12
21
6
20
6
15
40
44
78
15
6
66
56
90
31
95
42
23
71
7
56
83
95
98
66
81
41
12
11
97
38
30
29
85
71
64
93
68
1
63
54
31
44
55
43
80
14
57
39
82
11
70
71
93
78
69
84
96
46
93
35
49
38
96
53
34
8
43
21
63
63
50
82
9
26
13
76
17
92
4
36
68
75
43
24
30
3
25
79
32
27
90
51
37
35
24
16
48
2
2
22
30
69
30
87
52
20
65
72
94
47
68
38
35
69
37
39
32
63
94
74
85
17
73
10
84
28
93
85
58
53
30
5
59
15
11
13
84
84
62
7
25
30
17
2
81
59
94
94
52
25
64
53
86
91
88
58
42
34
18
74
50
96
13
2
42
99
49
68
24
2
21
5
32
10
8
46
2
81
50
52
15
77
72
38
95
23
14
20
92
55
21
40
79
99
40
91
12
3
74
39
39
80
38
57
36
69
89
40
8
67
84
79
20
34
51
95
70
64
61
40
22
33
46
98
71
21
42
50
12
82
81
52
97
52
6
28
96
20
32
81
91
39
40
85
50
24
70
65
63
18
30
38
31
16
92
40
98
65
42
3
59
31
6
77
45
34
1
3
92
56
63
44
95
20
78
2
2
55
94
13
53
89
64
52
14
47
33
52
92
53
85
41
6
72
73
46
14
94
71
55
21
38
73
41
52
61
71
95
67
3
46
62
14
18
84
7
54
24
51
95
82
12
14
70
17
77
60
31
91
12
70
39
48
41
22
46
19
19
34
15
62
90
34
69
38
13
94
67
6
97
39
42
80
65
22
7
80
62
3
97
30
97
83
50
38
57
86
91
29
33
85
75
72
37
43
20
19
10
20
74
85
65
37
44
87
99
65
51
84
78
69
49
37
42
77
61
66
29
31
12
42
26
5
71
7
12
5
1
87
75
25
82
52
77
19
55
1
70
98
94
91
40
56
32
60
25
5
84
46
52
19
87
50
83
57
66
46
13
48
70
42
69
41
61
26
68
3
80
76
63
24
2
22
95
37
39
92
62
30
42
36
45
5
33
92
9
50
41
94
64
94
2
52
73
16
3
59
1
53
75
77
79
68
89
38
47
26
12
33
23
42
2
46
36
98
84
11
28
96
83
15
9
73
65
41
42
97
76
59
74
82
55
31
79
29
75
54
30
36
60
4
54
6
60
6
82
71
60
74
45
94
93
86
44
81
94
77
90
30
34
3
14
82
62
77
6
74
36
95
45
55
90
35
8
25
37
76
97
34
82
52
85
1
9
55
78
63
9
57
52
32
53
53
63
3
36
75
58
44
10
34
90
56
57
82
1
19
79
68
96
3
27
3
82
69
24
66
71
60
73
57
31
44
16
14
65
80
66
52
90
9
3
27
84
25
58
17
11
15
8
32
38
1
95
70
43
23
39
44
29
29
14
55
2
54
73
8
15
71
8
73
78
93
44
28
61
30
76
86
15
82
97
23
87
72
45
83
66
53
5
32
88
24
84
85
57
61
10
81
66
71
58
81
14
97
28
79
65
82
53
52
63
24
43
99
2
26
74
95
48
47
82
64
21
93
9
31
16
51
3
84
2
25
80
92
65
69
37
62
9
75
65
66
31
55
52
3
4
1
40
36
81
43
1
51
52
21
60
92
32
69
58
3
20
79
38
28
29
19
36
63
39
78
76
18
15
44
41
55
18
24
52
83
81
86
62
71
87
96
43
43
65
30
2
32
99
80
64
38
59
58
30
65
46
7
1
88
21
63
31
49
22
62
6
64
82
83
64
66
94
72
64
33
56
66
31
12
36
76
88
62
48
70
35
43
35
34
45
92
18
40
65
63
94
43
82
68
71
31
81
89
51
31
65
8
65
50
90
29
27
90
33
47
23
99
29
45
95
32
57
80
53
13
29
77
56
49
45
72
90
21
40
75
61
8
84
63
36
13
58
30
69
79
3
40
74
90
79
22
97
47
42
41
81
80
30
85
69
94
37
31
29
16
48
61
37
49
87
39
39
40
21
4
23
76
25
61
46
98
93
55
83
46
24
69
42
15
86
30
47
38
9
41
66
55
72
18
35
9
31
65
62
10
57
86
86
1
95
98
1
97
14
21
63
86
90
62
61
53
53
57
90
70
14
51
75
88
42
20
71
18
79
89
23
5
95
70
97
54
3
37
32
5
33
37
65
87
64
73
55
99
64
53
51
82
38
21
58
17
97
98
55
85
48
59
69
63
62
78
87
90
19
71
55
95
47
93
55
35
44
43
92
15
69
2
32
97
45
78
92
24
50
19
68
45
72
21
82
66
20
46
5
45
57
2
38
63
9
63
27
26
2
61
65
19
15
34
58
95
67
43
16
89
80
9
36
32
63
68
51
27
23
44
46
54
59
48
99
95
81
56
28
84
93
55
85
53
70
42
41
22
7
73
93
57
54
17
31
56
32
12
60
77
61
96
7
58
47
42
80
59
98
31
54
42
49
48
13
97
2
98
83
11
51
14
94
14
99
77
63
74
57
48
83
75
43
25
48
16
96
32
44
92
8
90
23
6
2
66
72
71
92
14
77
7
41
61
1
60
24
89
84
81
69
69
50
31
45
63
75
59
66
23
88
73
10
91
91
47
72
94
33
78
62
2
47
25
93
86
92
53
96
33
56
51
13
13
38
90
31
93
58
47
31
44
96
16
45
62
84
6
18
76
84
39
73
2
85
16
23
4
17
31
73
71
64
50
41
36
4
32
77
3
76
52
38
91
48
27
72
16
14
34
13
5
52
5
93
97
39
62
91
34
41
61
91
26
42
12
51
41
19
85
41
68
19
19
1
98
74
2
51
85
78
75
63
20
71
6
6
42
58
35
26
72
58
93
50
57
65
29
96
99
89
96
93
24
10
82
7
13
80
43
48
21
86
31
79
15
59
80
28
43
75
68
92
60
51
21
88
3
88
2
91
46
94
8
71
81
57
36
77
43
80
69
50
60
21
2
97
35
18
45
75
67
12
49
58
45
56
14
72
91
92
15
24
30
51
85
58
69
64
28
60
48
33
27
11
47
10
59
62
28
71
93
6
45
57
24
63
59
56
99
82
29
81
25
50
14
10
75
23
2
99
47
96
82
62
43
11
58
30
19
38
62
66
62
3
42
18
83
46
28
80
64
98
16
2
89
94
42
7
81
75
40
40
56
83
42
7
64
43
4
46
69
87
22
33
20
23
9
96
10
49
35
20
46
38
5
11
42
38
87
79
51
24
89
72
42
63
32
73
59
31
17
90
86
88
40
52
4
19
88
80
3
39
67
57
33
46
40
89
38
79
86
23
95
90
15
41
27
7
13
73
36
13
17
95
86
59
3
29
47
81
70
66
24
7
77
78
47
78
82
13
78
82
14
36
11
38
78
96
79
50
7
23
35
53
86
93
13
30
15
53
89
99
75
41
92
9
95
3
89
14
87
49
15
39
31
98
96
12
81
49
68
75
55
88
62
25
32
1
59
60
5
3
94
76
52
17
17
33
25
7
78
6
9
25
2
95
42
29
44
50
63
91
89
79
35
65
52
8
66
36
98
84
39
73
31
44
54
67
48
89
7
28
83
53
20
85
8
62
36
88
52
89
91
15
63
7
90
87
17
90
11
84
5
66
36
52
86
53
72
72
15
59
95
52
28
83
77
62
27
81
69
34
12
42
16
95
79
56
7
86
59
79
4
84
42
93
80
86
26
69
94
86
15
47
61
90
2
79
10
92
59
64
39
82
90
61
52
82
64
14
9
87
20
82
86
65
58
23
82
95
56
86
45
89
1
49
74
59
26
90
47
24
65
88
40
32
25
77
66
70
71
63
71
67
66
21
53
42
28
25
73
17
95
52
31
62
76
12
30
45
3
99
76
79
23
55
29
23
45
43
25
26
43
46
69
99
3
85
35
31
54
1
72
18
25
27
66
23
9
76
73
38
43
16
11
43
3
17
39
83
66
37
50
78
63
20
42
25
82
46
81
94
32
80
78
71
99
41
74
82
67
61
77
10
74
83
46
98
81
78
75
23
74
19
61
3
33
52
79
99
77
89
13
97
53
7
13
47
6
88
91
51
60
91
46
61
65
85
73
48
85
54
9
55
72
22
90
47
15
26
35
10
11
88
49
2
62
6
15
30
44
72
23
50
76
80
70
80
50
4
68
51
69
45
61
49
57
47
38
74
95
58
44
60
74
87
41
38
51
23
57
9
67
24
5
13
96
32
11
66
5
31
19
89
52
20
11
74
16
44
30
25
79
26
34
67
49
54
38
21
91
1
48
14
90
65
50
90
75
28
41
63
53
34
96
99
6
85
44
24
49
75
52
54
27
68
18
87
69
29
97
15
77
34
95
14
35
83
92
98
80
48
28
53
58
61
7
62
33
93
80
88
29
33
92
18
78
52
93
66
60
40
79
68
61
84
5
82
27
24
13
42
82
85
83
44
51
18
4
86
35
86
34
25
41
78
93
40
43
68
82
82
80
61
8
40
29
10
20
56
99
21
90
11
18
81
49
12
92
51
86
19
55
53
35
31
11
61
30
28
18
2
89
50
28
76
50
91
73
76
62
8
6
58
78
16
15
65
53
23
46
82
11
82
54
6
90
97
50
43
55
63
13
76
42
85
65
74
24
33
43
44
40
24
40
72
59
16
56
17
28
91
49
28
5
40
45
52
30
97
97
66
17
72
54
52
82
70
22
43
53
15
51
61
14
40
55
36
76
32
87
64
77
56
52
15
62
23
28
20
79
1
9
96
98
72
87
22
69
22
96
42
8
54
62
45
40
28
11
59
16
91
29
28
72
32
6
38
29
16
86
12
29
41
59
14
37
40
88
48
8
47
59
41
2
87
88
12
56
7
56
43
79
74
12
33
97
51
67
87
86
15
58
54
25
44
14
26
50
62
8
36
8
74
14
90
47
86
37
98
36
14
77
58
27
27
36
17
75
73
74
9
66
68
65
90
43
12
69
98
85
54
89
47
44
30
17
79
5
87
90
31
39
14
91
21
20
25
15
14
19
24
67
34
5
27
98
95
19
25
37
39
44
62
63
78
47
99
97
11
66
55
58
3
3
51
47
81
32
3
96
26
24
29
11
26
63
81
40
73
62
4
13
51
62
47
21
44
30
59
78
83
80
55
53
98
2
5
66
18
64
27
50
49
48
18
91
75
1
54
27
95
21
90
8
11
49
9
39
3
15
29
41
60
8
33
47
95
93
18
97
1
20
98
35
71
95
46
31
33
37
49
31
59
27
57
41
50
16
98
1
45
99
49
23
24
33
5
65
29
98
5
26
73
75
10
7
94
27
25
72
35
22
57
67
18
73
64
24
3
52
55
59
36
92
15
34
74
62
58
16
89
90
86
20
25
77
20
95
46
68
44
3
86
54
5
42
5
84
47
21
31
66
3
36
75
86
71
79
49
51
75
51
45
16
94
10
17
90
70
11
91
43
8
68
16
6
51
15
81
11
37
74
75
77
69
4
80
46
10
43
91
91
14
12
25
70
64
7
61
79
78
79
52
26
56
51
5
1
50
94
42
72
77
24
57
88
14
79
6
39
65
93
15
85
15
48
20
95
43
69
34
42
92
73
30
57
31
43
8
67
44
87
76
25
71
27
40
41
5
65
86
25
8
92
63
27
53
15
56
85
2
81
71
11
67
67
4
43
40
4
88
24
67
69
77
76
93
17
75
74
83
9
95
84
59
14
74
96
63
55
54
86
80
44
32
51
1
19
84
82
84
22
33
58
7
95
6
63
27
55
60
92
8
67
68
77
17
45
86
48
89
64
32
16
73
94
70
53
25
63
76
75
65
30
71
48
11
23
71
6
54
98
37
28
63
19
41
23
41
34
70
11
25
42
81
91
77
89
47
79
50
69
65
13
96
12
18
33
56
68
67
74
65
59
99
18
87
91
5
81
58
73
96
95
24
48
28
5
65
21
90
69
75
21
53
77
10
50
46
92
24
34
50
56
87
48
56
74
47
36
22
34
80
17
88
2
59
90
97
8
98
6
63
21
80
48
48
53
79
63
98
38
2
91
94
25
12
1
40
95
83
14
74
55
97
72
86
26
78
72
62
35
12
24
31
67
49
65
13
18
24
45
81
19
17
2
31
69
64
64
85
71
80
87
85
10
56
69
60
25
62
67
10
77
66
50
42
77
63
14
88
47
63
30
15
2
39
18
1
96
99
51
39
38
39
12
99
24
63
27
47
71
75
55
11
36
94
62
4
88
10
75
80
60
33
90
20
41
21
77
22
21
91
30
65
54
97
43
25
12
1
75
59
37
69
88
29
46
54
28
58
9
24
88
3
14
89
26
80
26
22
70
95
51
78
4
20
97
19
26
18
15
19
41
54
78
77
53
98
63
92
65
49
14
64
31
93
71
10
46
22
83
55
44
70
57
44
74
15
58
24
44
70
27
68
66
97
37
39
2
9
32
8
46
15
3
68
94
79
55
46
5
20
47
17
42
30
56
62
82
69
17
79
4
41
55
84
37
30
96
22
46
62
30
34
10
64
24
57
6
59
56
78
14
68
7
85
34
21
34
36
90
16
57
46
54
48
23
53
77
12
75
74
28
29
25
99
5
18
73
40
5
65
54
2
97
38
38
7
27
94
2
48
93
45
24
31
65
26
47
66
71
76
46
99
25
6
32
22
24
3
20
4
15
43
68
98
7
97
68
82
85
4
77
74
17
57
89
75
89
99
76
35
89
29
12
19
42
73
97
52
89
32
16
36
99
72
43
82
48
42
83
76
6
71
68
45
72
67
74
29
51
11
95
11
49
56
70
31
33
71
58
58
73
33
17
16
3
50
75
1
23
73
71
53
45
51
48
24
45
57
48
55
84
7
63
71
23
82
78
8
19
91
70
18
39
10
96
94
5
4
52
91
66
51
91
56
52
47
71
85
37
16
53
60
61
25
26
3
5
81
33
51
32
4
3
41
49
80
75
46
11
80
99
25
60
41
28
65
79
91
96
52
81
55
38
34
21
52
28
1
16
67
34
1
38
55
40
72
37
33
10
50
27
3
50
71
87
22
8
64
16
4
66
93
56
55
79
43
55
78
67
12
3
93
19
9
59
59
13
10
35
25
94
50
55
79
49
91
67
2
67
3
72
75
83
91
94
35
59
45
6
69
63
97
43
17
8
69
66
75
35
27
36
40
72
21
20
36
28
10
53
83
53
54
5
6
33
82
97
9
12
97
17
6
77
24
10
21
91
81
55
55
46
21
83
56
97
4
26
17
83
31
85
93
64
34
86
89
56
81
9
95
72
17
40
76
68
52
57
68
30
1
83
42
9
74
55
31
96
16
43
37
9
27
71
9
38
53
38
20
94
25
88
53
94
79
39
56
47
72
30
45
78
59
23
68
95
65
70
81
66
48
6
39
9
3
68
1
47
13
64
53
6
8
12
92
85
43
54
44
61
86
1
89
91
26
61
82
57
5
99
38
71
13
62
25
90
56
40
80
64
76
96
95
34
7
73
97
54
98
57
6
99
76
80
57
41
51
82
38
78
47
93
71
85
61
77
88
9
9
77
47
76
67
44
34
53
51
23
76
70
70
8
19
35
91
66
50
72
23
83
14
56
24
82
1
95
1
63
5
83
53
55
20
27
19
20
91
18
98
75
30
24
13
71
76
29
15
92
17
19
27
40
48
42
39
49
69
46
78
63
2
60
74
98
27
75
4
49
92
41
22
74
48
21
25
3
55
59
90
73
79
68
50
64
36
93
93
88
57
49
54
65
10
91
12
1
11
4
66
79
34
69
7
10
83
49
19
35
46
84
87
21
62
85
36
77
88
78
77
80
68
33
92
50
18
36
86
22
6
82
25
42
26
25
75
31
45
39
92
7
98
66
90
21
73
53
76
92
6
86
61
6
34
60
45
5
21
13
98
35
81
63
95
66
85
55
36
24
69
96
23
57
14
8
85
89
77
30
70
69
5
48
58
91
63
78
81
62
31
45
32
23
4
54
27
11
61
92
84
91
79
35
22
73
99
21
18
96
6
47
63
69
83
21
8
33
68
97
13
86
90
79
42
23
41
60
95
84
14
24
87
82
1
37
88
58
99
57
71
81
26
41
97
64
92
58
45
91
69
33
42
20
39
31
39
39
68
98
5
32
49
47
74
62
94
20
55
62
99
74
24
2
16
95
40
75
5
57
96
94
29
6
67
75
66
97
76
50
36
57
89
29
4
60
79
59
33
75
32
56
20
43
21
91
57
18
93
68
23
54
29
64
5
99
18
37
42
16
82
90
38
