100 2
18 9
72 9
32 70
78 53
93 74
54 77
61 93
99 84
99 23
29 48
55 20
3 56
11 31
53 43
99 95
23 62
95 28
77 96
30 90
96 44
13 24
6 72
11 41
6 81
78 49
100 47
21 71
11 16
50 40
64 69
54 66
99 42
5 37
99 75
53 38
46 73
59 98
79 97
3 13
62 60
23 19
65 8
31 88
47 92
28 68
3 86
100 14
100 30
99 36
57 65
61 50
54 27
99 83
5 52
50 59
50 5
60 57
39 91
78 22
95 94
91 55
7 46
42 21
39 10
99 61
42 76
23 39
9 67
54 11
60 80
80 82
37 3
61 89
49 26
50 64
81 2
40 7
100 78
57 100
39 4
91 35
31 51
57 87
79 33
43 29
40 32
94 15
84 34
80 25
84 12
40 79
78 45
5 18
93 6
57 85
6 1
42 17
61 58
99 54
65 63
