2000
67 423 11
29 856 1
306 927 12
911 715 24
984 393 14
125 588 11
174 286 54
890 582 32
206 233 27
987 972 56
444 413 63
286 883 24
690 621 53
808 199 42
715 527 12
439 743 10
235 582 28
116 949 18
493 373 14
373 427 24
18 966 70
49 199 18
18 774 21
956 823 41
772 61 39
234 890 7
324 171 23
290 194 58
429 550 58
308 677 1
107 758 50
257 389 67
462 533 33
741 136 34
491 468 55
694 369 54
57 987 10
389 255 50
188 320 8
873 461 30
620 380 45
58 119 67
67 90 69
709 68 56
180 800 3
112 232 66
615 279 40
209 686 7
108 248 35
632 243 61
493 425 70
567 957 51
526 548 58
175 429 9
631 626 18
901 394 14
328 258 55
945 396 70
538 877 61
498 497 50
930 753 55
487 442 14
679 269 54
628 42 48
222 399 14
415 327 23
948 914 64
486 361 7
840 134 8
147 531 54
723 736 12
495 759 50
833 469 23
445 44 50
291 554 37
656 962 40
238 654 9
504 603 48
213 647 6
509 610 40
726 364 14
33 149 3
729 234 54
456 133 36
419 103 63
96 833 18
137 680 63
850 406 13
367 202 19
809 365 51
662 397 19
931 456 62
179 556 40
903 758 53
714 400 12
299 616 70
347 877 39
595 895 50
157 104 31
937 379 15
94 163 55
177 936 62
867 486 56
12 149 8
948 541 60
243 138 8
940 188 36
536 652 60
592 639 31
649 858 1
38 678 70
834 452 12
720 343 27
481 644 16
96 64 63
863 172 26
122 15 38
91 866 31
928 432 36
961 712 31
313 644 14
848 316 2
319 692 43
324 232 54
952 550 28
876 25 31
427 662 32
288 80 45
710 944 8
361 94 28
893 727 33
815 97 50
369 673 31
565 166 39
619 218 26
720 439 36
711 755 27
638 51 45
672 298 12
340 211 67
995 252 8
828 716 15
601 349 62
185 748 1
204 955 35
367 495 7
323 955 40
501 202 8
780 333 62
290 695 6
147 913 62
900 3 2
767 152 36
480 561 55
966 570 50
229 272 47
513 367 24
341 747 16
322 728 32
578 234 60
53 695 17
880 206 66
68 175 8
6 400 49
939 464 69
176 789 51
731 739 7
884 196 3
273 159 45
812 990 54
508 658 53
485 391 23
757 724 1
326 232 1
327 796 67
297 97 11
625 159 44
474 261 35
969 490 27
201 566 54
863 144 48
59 826 20
155 12 33
299 565 4
663 486 48
351 436 65
659 79 67
623 937 10
919 72 4
708 836 5
817 966 60
889 13 52
833 346 61
321 534 27
659 224 52
752 627 10
402 377 55
185 550 68
404 322 61
503 429 62
194 386 61
342 651 9
539 894 61
201 463 42
143 23 33
978 408 52
392 851 17
642 164 58
839 428 35
515 992 11
659 334 64
379 360 42
333 504 11
151 706 43
992 313 31
293 518 49
882 455 69
269 765 59
285 883 19
529 339 67
480 536 47
767 845 15
309 672 61
982 345 39
75 466 32
476 637 23
474 426 59
949 560 17
384 219 10
850 831 22
54 631 66
849 369 14
138 955 70
267 522 27
450 636 64
378 844 31
282 622 39
463 651 28
651 274 15
964 749 30
110 424 37
434 527 14
153 695 64
107 593 36
941 974 18
790 655 29
681 96 24
754 583 28
713 754 68
436 700 44
564 421 35
163 269 38
533 831 65
551 500 63
881 70 21
280 600 51
513 277 7
369 869 16
920 644 50
843 735 22
764 766 45
201 657 63
776 258 20
163 689 45
713 274 50
253 115 31
996 133 61
488 469 43
484 960 64
468 705 44
944 752 68
208 715 20
878 398 54
31 962 52
506 325 12
810 25 15
927 313 45
584 168 32
694 569 43
58 776 40
315 736 8
283 113 58
49 911 53
558 735 9
207 533 30
940 170 45
595 543 44
784 903 52
757 590 57
648 373 61
238 55 29
268 369 46
910 67 55
352 461 5
187 795 46
188 52 40
167 336 8
194 198 17
527 408 18
657 419 18
927 749 65
298 794 40
793 135 30
589 758 11
919 483 41
337 184 61
374 824 60
31 96 69
858 857 15
381 847 27
952 332 68
317 480 2
255 32 36
169 668 67
892 183 2
864 963 42
885 955 21
357 96 69
731 940 2
924 521 26
54 98 63
424 245 69
731 843 19
711 126 66
286 673 33
421 313 58
814 153 6
404 27 63
156 484 7
147 867 54
995 31 14
831 294 24
969 901 24
729 478 12
235 733 67
291 407 43
721 169 24
314 339 16
246 263 63
666 228 28
792 607 5
108 3 16
895 984 23
612 912 25
975 234 51
79 821 44
308 310 54
892 158 4
974 912 9
3 924 44
786 501 9
638 11 22
827 315 32
739 445 44
72 576 53
245 653 58
307 104 29
145 927 68
170 13 49
28 14 14
440 486 6
96 403 33
417 880 52
378 141 1
300 137 50
689 493 69
457 19 35
771 558 44
877 63 68
312 130 12
442 867 49
500 528 29
576 602 38
774 517 66
106 982 39
63 119 36
626 518 66
997 53 52
650 747 9
263 675 52
676 957 18
927 480 27
936 930 25
134 536 25
374 944 69
327 653 59
997 62 29
364 814 6
487 617 48
267 957 57
215 215 61
778 940 42
956 926 12
721 948 42
409 380 16
480 456 49
863 840 16
810 983 9
392 161 64
220 866 7
385 125 65
380 750 27
881 100 24
668 82 51
778 82 49
396 515 50
154 246 48
756 982 32
696 645 11
531 330 6
30 424 65
259 151 16
446 144 54
719 227 1
572 859 42
818 622 55
398 506 1
549 573 51
841 188 61
614 691 42
57 970 22
381 397 16
356 223 53
113 870 11
814 45 68
94 599 47
882 803 44
979 185 53
394 435 45
107 196 12
427 950 13
30 428 10
422 740 14
30 413 46
316 738 50
194 194 22
830 95 21
835 158 55
590 392 6
749 980 22
616 262 67
520 413 50
463 115 32
511 373 60
764 732 18
747 732 58
607 311 39
140 325 42
779 408 18
996 933 50
773 387 65
195 274 33
274 430 59
317 182 10
522 269 10
990 467 69
999 898 63
750 13 18
653 429 62
299 253 60
884 848 24
605 324 46
392 948 35
402 331 69
269 571 40
165 896 58
331 637 3
686 385 22
884 354 35
966 854 35
879 195 57
369 658 21
156 673 22
429 855 58
493 141 64
3 411 21
133 14 54
693 509 54
560 776 32
979 71 6
733 178 29
422 22 15
792 404 33
426 307 66
184 994 16
524 888 18
16 208 29
339 924 26
368 734 62
155 636 69
833 617 8
518 575 50
351 209 28
176 200 32
872 569 26
967 568 67
380 242 41
387 927 59
573 428 25
409 855 65
581 842 19
508 116 36
4 593 43
449 928 63
563 766 4
187 462 56
569 902 59
376 481 27
83 256 21
852 477 25
8 668 64
256 881 48
420 928 44
505 614 57
730 292 56
747 751 10
628 400 24
226 195 54
430 826 33
359 568 53
720 80 31
931 638 60
367 505 29
302 204 69
834 918 36
932 526 27
130 462 55
629 195 38
621 658 59
454 99 59
826 593 27
211 787 45
423 584 20
724 862 34
863 752 49
787 997 38
421 14 38
648 300 58
899 806 33
853 17 70
933 225 23
991 660 61
206 332 55
626 846 57
408 427 43
854 510 14
21 422 55
414 781 42
934 351 32
727 263 2
38 601 8
219 24 55
726 656 63
398 745 57
798 75 24
202 719 58
397 109 60
601 184 25
878 899 50
564 563 27
726 913 25
823 954 21
171 850 11
58 46 52
867 35 42
655 885 5
333 465 2
154 442 66
259 313 57
828 992 50
594 109 51
778 968 5
492 425 60
959 258 64
323 504 58
713 883 27
137 794 55
541 303 11
159 401 64
876 718 65
455 359 45
570 588 13
790 942 27
589 51 2
236 998 68
806 711 68
503 320 5
355 142 19
129 656 29
454 692 42
814 383 29
613 160 8
609 922 3
878 829 21
288 768 54
576 783 8
394 155 1
421 922 17
744 220 16
123 902 44
939 141 39
441 185 60
63 842 5
384 665 60
126 97 38
452 111 13
815 919 63
414 283 2
687 269 21
262 71 52
8 756 30
628 938 48
101 601 35
452 74 52
390 953 21
111 706 32
201 299 16
562 775 33
690 80 37
551 177 32
140 167 47
772 980 24
847 580 70
191 308 41
285 714 68
699 621 39
920 227 31
204 759 17
578 408 6
222 580 67
408 737 36
472 618 47
38 636 69
893 481 20
545 350 56
254 721 42
460 752 63
405 235 31
49 938 35
359 860 38
315 213 47
177 224 58
729 952 11
358 728 46
505 292 26
542 33 26
759 129 30
233 645 69
748 102 38
305 505 52
398 970 70
705 513 52
335 520 59
452 614 66
572 312 7
147 388 53
714 747 35
757 944 49
948 650 34
38 790 1
413 995 58
497 106 24
84 823 44
712 661 5
4 981 69
753 111 58
649 57 47
324 667 41
374 102 50
604 750 47
377 850 18
382 334 8
915 337 23
373 656 60
618 837 35
35 57 62
628 152 69
853 185 51
497 663 49
298 355 40
415 535 57
532 725 19
268 152 48
310 590 37
338 565 43
395 36 56
331 868 7
600 387 52
263 756 55
222 208 28
779 238 43
759 67 42
753 619 63
303 926 61
981 55 12
859 936 62
926 785 9
982 491 25
47 395 61
187 13 27
540 363 56
607 185 63
833 173 3
355 954 64
256 241 10
867 521 68
498 267 38
585 412 20
685 102 54
180 122 47
419 212 2
994 925 26
377 151 17
971 979 40
3 400 17
984 223 35
870 885 27
588 629 48
148 464 52
406 118 58
870 670 35
724 380 39
190 272 12
934 71 61
944 952 49
705 335 50
523 865 64
434 714 24
66 6 24
305 365 22
242 876 43
250 719 51
423 24 11
823 10 22
199 819 70
653 104 8
819 110 44
67 298 41
561 946 58
219 730 8
611 333 6
394 381 12
93 286 51
905 738 57
682 85 55
510 907 30
444 731 9
998 749 27
369 569 25
326 881 13
264 940 55
157 232 24
718 999 8
520 380 8
557 342 9
20 425 17
584 939 1
845 37 37
884 917 58
692 28 66
562 495 45
541 965 60
570 323 35
113 962 23
741 773 46
436 34 14
707 862 2
84 695 15
418 551 4
149 419 31
601 353 57
566 627 43
208 5 40
678 832 14
233 166 61
192 315 27
322 361 13
732 637 52
190 473 3
440 183 63
69 208 66
912 992 24
135 135 11
950 975 42
327 609 35
329 223 27
319 352 15
519 273 4
835 491 31
947 143 63
619 35 4
857 582 3
956 145 19
504 83 33
505 105 54
656 134 1
704 336 67
406 242 4
270 837 35
264 544 52
279 988 3
609 179 11
471 513 30
612 702 21
227 551 39
225 292 11
300 219 8
677 239 36
393 820 28
383 89 33
746 34 63
55 62 68
456 594 38
35 498 1
200 283 50
848 659 34
626 20 15
33 647 28
980 984 27
897 673 50
112 24 20
477 639 45
334 971 50
426 607 20
666 814 23
404 231 35
276 902 25
952 74 58
614 875 66
541 792 31
551 207 49
242 994 15
801 734 12
478 60 36
862 298 9
460 3 36
748 138 8
75 218 15
977 583 39
763 159 63
935 492 26
133 671 39
912 133 46
938 298 56
580 96 5
855 343 31
44 310 70
187 197 29
717 335 48
974 947 57
181 461 55
898 663 62
319 690 8
513 452 52
782 404 15
862 704 38
819 637 35
375 249 59
254 938 56
120 607 67
729 821 30
192 182 63
895 365 2
105 758 42
23 452 34
878 869 37
60 588 7
567 331 15
803 134 55
580 936 62
390 248 10
511 859 32
93 460 48
119 351 34
319 267 13
305 322 37
975 208 4
148 415 44
306 305 63
40 333 28
809 546 45
122 675 68
626 622 60
456 499 16
224 146 49
145 383 67
698 943 55
901 536 42
646 710 57
18 234 8
636 517 12
473 236 41
632 646 44
24 618 21
630 863 10
909 379 44
627 694 38
159 670 10
185 343 15
508 630 70
288 716 65
332 488 62
115 439 24
795 418 69
185 225 11
869 354 35
735 244 8
493 14 40
971 772 43
698 938 17
235 52 15
446 410 23
54 765 43
443 407 35
82 316 44
557 654 52
11 15 54
539 334 54
267 892 16
15 136 33
21 642 22
324 768 27
921 183 17
370 450 14
395 719 48
477 414 39
299 180 66
447 466 37
164 132 49
602 551 47
190 834 53
515 363 65
283 490 12
306 481 48
481 540 31
918 748 43
172 877 40
606 694 1
226 184 25
189 936 15
919 292 39
136 80 39
135 30 7
717 837 30
477 689 53
761 976 6
918 935 57
609 280 21
728 194 14
176 458 9
424 715 2
877 296 16
223 1000 40
983 532 38
275 631 33
827 952 22
881 983 7
71 57 60
127 30 59
550 995 25
898 23 59
414 625 34
627 342 69
868 675 65
732 107 24
256 466 19
728 94 5
225 131 44
423 855 28
484 108 46
917 751 40
969 165 13
195 847 15
871 649 20
453 345 33
902 621 57
508 669 40
902 772 55
101 950 65
602 744 3
375 314 19
311 707 49
18 572 25
198 247 18
708 168 48
609 159 59
90 30 62
980 127 41
980 815 7
870 675 19
553 979 19
714 5 24
197 278 35
197 258 63
111 764 32
40 158 13
995 948 24
940 405 44
79 111 38
259 676 17
176 24 29
813 429 11
75 689 19
761 464 2
663 413 51
855 326 17
389 331 60
16 835 58
221 641 45
544 212 42
200 147 59
650 166 12
280 207 63
282 746 57
648 550 43
427 749 61
804 651 23
979 839 42
431 396 7
318 343 43
835 397 38
17 267 10
770 596 1
244 369 69
69 394 69
13 147 34
859 769 29
550 923 69
64 831 69
503 129 55
743 757 6
604 794 61
849 830 18
370 975 29
26 749 19
614 270 56
515 774 49
888 965 5
56 485 40
347 687 63
326 197 63
369 432 41
311 852 13
752 348 3
259 513 51
735 341 21
827 666 32
747 395 31
479 840 64
101 22 13
426 521 26
448 415 35
382 579 57
665 779 60
881 305 43
642 326 53
698 753 67
624 709 6
150 344 66
342 226 67
883 147 50
328 878 64
839 129 4
812 259 15
264 307 9
859 324 30
930 300 21
696 778 18
199 451 28
546 63 69
86 999 12
919 912 54
713 514 63
447 129 66
665 170 14
261 535 16
689 73 53
327 973 56
819 328 39
542 609 60
109 247 38
375 715 8
498 276 40
330 912 7
813 249 7
46 26 64
743 530 1
455 181 28
676 861 54
179 382 30
401 248 30
945 76 27
957 488 22
649 532 32
472 19 64
404 447 53
583 911 63
375 611 13
780 950 25
61 626 42
651 699 52
948 525 1
790 456 22
725 614 6
141 888 62
547 557 10
559 821 48
880 730 20
664 230 64
562 691 12
567 944 47
772 950 41
247 200 59
361 645 5
976 79 26
581 545 43
113 565 7
704 464 14
124 318 1
656 301 42
699 574 45
297 168 29
323 320 13
6 161 1
276 183 47
472 147 60
729 379 35
939 31 29
445 680 68
480 228 5
936 923 38
583 438 64
135 974 12
527 126 31
929 674 58
28 731 46
545 269 52
828 158 46
656 765 26
969 843 3
610 64 45
256 254 42
536 314 54
830 507 45
547 452 68
82 870 56
483 424 44
400 547 25
288 585 6
495 725 21
775 951 3
263 423 15
640 634 10
985 321 11
461 481 61
61 152 48
394 63 59
118 651 42
379 625 23
946 819 13
594 776 27
892 822 16
285 451 68
557 751 43
403 541 65
564 817 34
247 91 37
829 28 27
503 659 70
916 234 17
381 810 4
472 770 11
669 392 67
232 293 15
565 629 69
611 735 6
74 874 61
259 165 29
708 48 27
875 829 52
603 709 14
50 82 18
201 331 65
259 115 34
777 371 37
946 355 60
959 891 4
231 706 19
349 465 51
987 612 39
406 796 27
919 378 5
413 247 61
796 603 25
851 845 9
95 853 11
232 630 62
576 192 65
702 612 41
863 108 39
694 481 45
129 811 29
597 307 52
222 392 55
315 69 43
164 82 9
783 850 28
747 155 64
837 387 3
468 866 51
475 303 2
447 520 8
346 767 53
315 677 11
49 595 26
900 776 29
31 1 59
350 572 57
792 94 54
291 622 68
511 923 65
487 543 26
9 397 45
396 949 21
464 491 56
1000 266 61
492 962 27
966 479 12
420 444 18
166 250 2
937 69 67
602 168 19
510 280 36
412 704 24
161 153 42
634 269 67
274 615 59
266 68 63
461 26 29
143 887 37
178 870 44
53 565 63
903 84 26
675 196 23
598 97 10
544 599 8
488 271 38
875 638 16
195 858 38
219 302 43
537 106 43
601 221 53
198 783 28
874 58 14
373 860 17
881 67 7
178 262 5
776 299 44
357 970 18
289 814 15
328 220 16
13 94 62
342 222 15
254 475 67
215 414 56
709 753 51
832 324 54
780 176 65
764 127 48
531 571 64
392 970 34
902 418 10
619 483 37
982 646 26
480 65 10
471 184 66
461 306 15
306 273 28
829 582 28
679 999 34
235 400 59
345 128 43
833 790 69
409 502 3
60 588 5
179 182 67
825 313 29
844 333 64
163 200 26
92 982 32
737 813 43
305 25 12
805 632 23
804 774 2
222 758 32
68 659 65
713 901 55
588 53 1
899 804 49
853 106 4
560 364 32
31 318 1
48 589 12
168 996 28
854 578 61
918 749 40
760 764 48
171 724 4
529 435 29
480 601 36
905 682 21
241 56 47
529 203 37
610 194 39
689 91 44
316 450 12
768 851 15
747 348 69
982 44 48
567 714 31
668 63 50
307 315 20
982 51 6
604 729 10
954 391 58
76 745 50
400 527 34
491 648 66
316 109 50
545 726 13
554 425 61
860 498 67
694 126 46
917 447 60
116 786 3
286 775 62
917 324 61
687 538 63
892 942 61
160 809 33
952 563 57
956 56 9
995 649 21
63 772 22
324 425 63
661 364 31
640 961 23
41 497 54
714 123 59
2 394 35
139 732 20
994 11 18
43 733 69
478 627 23
508 483 56
436 990 65
206 178 57
909 567 1
845 71 55
939 739 40
744 60 5
307 219 59
748 562 62
465 545 70
757 950 64
583 965 17
501 856 2
103 200 13
782 776 6
343 470 6
95 743 19
477 343 35
140 506 12
468 55 47
828 492 18
547 241 26
43 116 12
1 598 69
127 664 12
193 522 28
850 692 39
608 266 8
273 826 8
875 856 11
121 905 50
357 732 40
100 759 56
865 623 67
715 176 43
391 976 8
812 399 21
637 60 55
590 829 47
995 164 27
338 136 25
221 350 1
63 339 47
803 825 25
786 560 8
971 90 26
67 110 58
567 487 64
182 551 56
283 517 27
292 816 53
298 421 70
580 147 35
901 855 52
984 979 67
367 40 30
118 312 61
963 390 4
920 815 46
381 619 15
880 631 49
396 944 11
838 468 62
856 7 43
374 301 22
609 356 41
192 73 28
226 349 25
934 142 46
8 570 35
620 909 68
657 289 35
475 379 28
495 2 66
483 837 70
826 313 19
76 50 15
979 554 36
795 855 66
734 862 20
572 597 36
321 900 33
95 550 46
36 81 14
178 246 61
531 375 24
82 999 39
887 162 54
716 256 62
199 412 35
924 19 66
840 212 56
367 144 11
548 107 14
3 893 16
47 549 60
9 614 38
742 671 3
604 525 6
661 468 16
362 630 21
980 526 55
475 382 5
269 578 57
144 835 55
543 37 51
146 420 46
516 430 23
618 406 56
950 75 36
94 426 59
686 820 18
743 891 49
991 812 23
799 963 14
818 909 18
231 580 8
887 393 28
985 118 56
153 228 39
321 697 29
565 349 61
118 264 67
122 215 32
126 832 20
756 474 52
366 4 11
1 780 61
54 745 6
455 725 8
945 925 1
721 758 26
929 117 68
218 856 64
972 982 45
503 504 23
696 592 58
510 974 29
970 873 56
280 280 56
949 708 52
212 963 49
804 823 64
117 679 3
775 519 23
277 556 36
675 351 63
326 880 22
562 638 31
616 332 16
909 99 19
148 990 13
934 148 66
382 480 18
550 854 62
907 435 16
767 550 24
483 5 51
552 745 35
879 614 29
620 288 28
293 897 28
230 936 11
510 283 46
987 93 19
121 478 14
565 264 7
958 865 6
548 49 32
891 781 21
364 643 44
536 376 29
980 355 68
829 362 31
637 703 54
492 481 52
582 578 4
52 348 52
715 979 30
550 914 46
212 301 42
871 448 10
14 819 16
321 225 3
155 126 65
857 462 1
292 222 18
187 856 14
575 81 35
393 28 66
362 717 59
841 985 24
420 145 33
223 544 47
499 958 15
908 284 55
495 132 29
593 987 9
352 433 30
395 182 9
180 152 35
534 876 47
296 755 25
82 404 42
912 284 49
602 250 20
409 73 46
131 824 5
369 547 16
75 389 9
7 614 27
332 803 59
669 447 13
539 63 56
100 280 27
49 731 11
647 234 17
246 471 34
673 375 49
962 334 42
593 906 12
422 933 48
699 335 32
439 623 42
462 765 52
493 477 6
584 360 32
643 871 56
238 810 12
274 733 25
299 51 18
38 304 55
975 155 63
407 656 11
990 664 28
959 925 20
89 519 57
66 432 66
416 293 59
586 798 22
18 380 46
154 95 42
127 761 51
982 979 21
172 812 14
548 631 44
607 369 19
98 101 65
675 919 24
230 130 17
579 289 9
847 133 49
539 201 60
243 947 53
410 671 9
921 46 23
889 444 35
775 950 39
573 13 55
218 566 63
607 865 63
77 205 33
856 797 60
271 797 26
846 627 53
135 972 19
463 330 36
287 372 20
374 84 1
30 318 66
290 611 62
801 282 18
937 875 64
290 97 13
139 658 11
197 818 55
105 598 27
491 672 51
151 558 49
700 952 49
335 100 34
72 511 5
387 909 5
236 925 8
117 302 19
263 892 1
217 382 22
230 728 54
677 486 39
862 203 24
811 293 56
682 295 14
283 960 43
345 954 27
270 472 67
870 23 37
536 679 33
157 886 52
217 217 13
730 656 48
544 163 21
36 380 25
72 628 2
415 947 48
366 378 13
298 708 9
204 819 13
912 32 70
373 699 8
766 3 46
221 440 37
17 386 20
786 314 34
692 904 48
498 218 60
63 254 19
712 936 4
626 425 18
247 779 3
704 236 17
99 275 22
129 157 48
200 81 32
931 860 6
625 150 10
231 132 1
269 227 2
610 668 51
157 969 13
570 910 31
550 294 21
264 488 35
358 331 53
830 690 5
976 832 3
765 955 38
143 311 8
418 992 4
968 187 40
681 509 68
328 404 27
976 343 53
943 30 5
367 837 5
92 873 54
595 578 6
102 633 24
345 840 61
459 601 11
749 265 47
268 526 4
605 626 8
795 970 68
841 716 15
133 688 56
869 236 12
442 260 37
318 725 42
684 102 23
661 838 54
423 231 39
821 541 32
548 496 52
944 62 14
561 630 37
196 687 18
859 61 48
811 25 50
943 106 16
171 692 22
336 515 2
294 313 50
233 465 50
990 709 2
854 624 6
536 688 10
310 169 30
404 720 14
649 608 2
874 43 67
176 879 34
247 36 37
456 872 47
198 746 9
236 812 13
149 999 27
562 2 69
480 270 62
294 202 62
462 779 13
757 489 40
117 268 38
804 747 7
710 955 53
557 263 56
67 673 5
808 794 67
884 571 10
450 509 58
281 597 42
804 277 28
268 768 44
5 522 54
160 612 29
641 794 26
882 949 56
435 711 14
930 418 14
400 369 6
863 32 12
146 337 6
521 864 19
124 355 25
776 356 64
627 720 61
66 932 5
727 353 21
21 807 65
928 576 18
292 756 11
884 887 44
791 710 10
367 669 67
771 877 10
444 339 43
925 79 38
944 4 18
313 257 46
740 720 31
152 215 16
651 23 30
991 207 20
295 647 32
773 165 42
461 896 42
463 519 34
15 231 15
531 278 39
732 594 48
958 997 42
385 723 69
605 130 33
88 979 10
472 709 4
90 5 50
425 974 22
5 326 19
331 848 43
403 921 25
81 459 47
461 1000 6
144 821 56
204 853 69
98 999 5
802 273 42
807 683 43
16 911 61
507 522 24
332 166 58
834 693 38
981 463 41
992 251 53
8 35 55
756 111 17
351 351 37
102 507 20
914 598 1
931 480 11
36 311 54
249 209 43
739 233 11
883 416 6
890 253 3
844 383 27
997 199 46
685 395 23
999 732 26
89 245 35
222 67 67
967 878 66
233 924 49
306 652 38
187 837 56
189 537 47
928 98 44
518 493 39
759 286 4
408 421 15
560 377 4
151 339 35
907 397 41
165 735 46
834 777 19
898 446 41
703 98 4
17 589 4
508 534 38
24 633 51
666 554 2
604 657 10
600 731 6
621 853 55
623 173 6
971 691 47
834 832 68
455 71 34
416 164 46
665 843 42
302 138 27
96 583 66
14 206 50
183 966 62
553 313 52
559 138 52
849 916 22
355 384 9
637 551 14
315 570 8
572 578 37
848 619 29
179 31 66
601 107 53
340 849 23
852 774 53
52 108 64
568 633 28
98 651 44
447 714 25
600 956 3
962 136 63
975 967 40
833 312 68
818 116 56
966 691 53
119 76 44
876 862 1
274 572 59
123 225 35
449 778 43
532 915 22
589 749 50
815 236 31
61 591 12
811 545 65
994 586 17
288 276 21
518 807 17
650 178 13
206 300 34
98 739 54
450 143 68
165 597 44
346 875 15
26 777 55
863 179 42
749 611 65
138 65 52
505 475 66
656 486 69
875 580 64
593 616 15
461 751 12
656 770 44
283 887 44
18 551 29
108 731 47
445 265 24
415 993 31
562 201 34
962 326 10
920 450 69
645 885 2
740 22 58
349 53 10
915 190 25
147 373 22
789 317 50
830 250 44
524 509 50
393 447 25
185 129 25
674 578 34
313 325 55
24 931 34
828 59 55
713 358 25
964 10 34
25 684 24
45 952 54
646 5 33
17 516 56
528 76 47
983 132 50
112 967 67
316 869 39
162 460 65
977 287 53
72 116 14
920 641 41
636 172 70
649 222 17
899 301 32
213 19 37
446 360 32
780 341 1
2 714 66
305 860 59
183 699 32
769 627 13
872 853 17
682 366 22
914 823 6
574 750 63
819 263 22
650 586 12
785 453 50
994 208 42
998 234 40
619 7 41
392 842 20
172 233 13
966 550 66
229 772 53
861 43 53
403 894 70
467 487 53
285 671 46
222 753 1
919 963 33
921 54 52
272 230 17
211 279 4
855 452 22
518 63 29
200 901 48
453 659 33
717 250 55
351 962 8
829 808 5
302 260 7
831 412 22
758 397 46
136 619 50
923 651 2
590 802 9
582 34 30
