100 202
59 6
16 94
67 63
29 49
89 80
53 23
1 94
74 18
70 60
36 10
84 39
63 60
10 54
32 41
78 29
30 32
82 14
69 97
23 76
28 30
37 34
76 67
62 50
54 18
85 53
61 59
39 69
68 33
65 25
97 88
47 82
79 76
93 94
72 32
15 59
38 49
45 99
99 64
22 31
7 41
20 17
17 30
1 41
66 93
34 18
56 88
64 24
87 17
9 31
51 43
77 6
44 66
73 95
40 34
6 100
24 95
90 33
43 13
48 10
55 2
95 75
41 47
5 32
57 52
8 38
50 49
100 20
81 16
2 6
88 25
46 92
18 53
52 22
26 77
3 95
80 47
33 28
25 51
13 10
58 14
4 95
91 24
49 81
35 58
19 20
21 30
98 58
31 53
14 56
92 31
71 19
75 94
11 20
42 23
86 50
96 81
27 26
12 54
83 92
0 66
1 1 38
0 43
1 41 12
1 1 61
1 1 95
1 1 36
1 1 78
1 1 73
1 1 100
0 42
0 52
1 1 23
0 66
1 1 75
0 11
0 16
1 1 71
0 75
1 1 78
1 41 42
0 100
1 1 43
1 1 67
0 24
1 1 45
0 54
1 1 26
0 11
1 1 57
0 36
1 1 87
0 95
0 16
0 95
1 41 13
1 41 27
0 36
0 13
0 43
0 75
1 1 78
0 16
1 1 81
1 1 4
0 30
1 1 47
1 1 69
1 1 35
0 38
1 1 1
1 1 82
1 1 26
1 41 13
0 36
1 1 80
1 1 15
0 42
0 16
1 41 42
1 1 87
0 43
0 30
1 1 37
1 1 86
1 41 27
0 42
0 95
1 1 1
1 1 99
0 86
1 1 61
1 1 74
1 1 42
1 1 24
1 1 36
0 67
1 1 47
0 42
1 1 100
1 41 42
1 1 18
1 1 76
1 41 84
1 1 32
1 1 77
1 1 17
0 67
0 21
1 1 45
0 32
1 1 9
0 52
1 1 34
1 41 18
0 30
1 1 68
0 30
0 100
0 42
0 36
1 1 87
1 1 5
1 1 49
1 1 52
1 41 34
0 21
1 1 25
0 16
1 1 3
0 86
1 1 69
0 98
1 1 77
1 1 81
0 16
0 95
1 1 50
0 52
0 37
1 41 12
1 1 7
1 1 78
1 1 20
1 41 46
1 41 36
1 1 8
1 1 6
0 54
1 1 47
0 37
0 67
0 48
1 1 87
1 1 97
1 1 71
0 11
0 43
0 86
0 38
1 1 22
1 1 93
1 1 38
1 1 80
1 1 3
1 1 10
1 1 61
1 1 35
1 1 74
0 69
1 1 38
1 1 71
1 1 55
1 1 93
1 1 51
1 41 57
1 1 79
0 100
0 75
1 1 27
1 1 20
1 1 62
1 1 59
0 30
1 1 27
0 30
0 95
1 1 55
0 37
1 1 89
1 1 3
1 1 21
0 38
1 1 58
1 1 66
0 67
0 69
1 1 17
1 1 60
0 24
0 86
1 1 58
0 75
1 1 23
1 41 36
0 13
1 1 96
1 1 25
1 1 96
0 16
1 1 19
1 1 80
1 1 82
1 41 74
1 41 37
1 41 84
0 66
0 37
1 41 18
1 1 44
0 86
1 1 13
