1000 4900
47 778 171 550 231 440 333 721 639 959 717 985 954 68 703 699 997 862 726 626 835 374 405 546 132 937 342 443 905 362 329 831 965 22 125 932 574 169 320 535 129 655 202 951 654 112 392 987 829 477 317 161 685 183 817 434 285 488 749 137 157 803 888 203 292 473 16 282 630 237 432 944 121 750 180 851 793 530 684 91 347 494 520 131 838 659 313 197 102 524 664 663 912 740 936 386 115 561 393 680 676 957 693 395 271 775 466 39 368 558 283 99 735 267 702 956 728 773 165 656 447 528 85 468 120 807 296 687 53 349 776 139 580 562 482 123 173 980 989 662 515 185 572 30 116 110 966 665 262 264 337 919 511 758 526 825 824 375 94 632 423 170 253 391 595 739 459 416 268 552 502 474 955 400 166 706 913 545 406 903 617 43 401 409 705 846 77 327 387 42 990 604 417 480 555 777 709 859 286 816 953 290 708 35 603 977 439 588 895 972 263 660 893 57 769 470 89 734 845 992 921 969 64 254 624 938 647 812 289 1000 87 218 199 51 785 274 141 999 301 745 4 59 205 452 883 428 757 193 767 975 991 640 294 307 804 216 809 25 598 756 939 61 234 637 390 852 228 86 456 590 55 628 635 608 844 679 198 643 448 356 925 498 786 868 781 284 909 923 29 821 450 44 411 806 133 196 878 802 556 174 541 811 641 780 385 738 355 968 671 563 688 518 830 96 278 678 930 453 694 813 840 227 876 220 33 760 136 214 217 288 52 644 155 232 754 914 670 863 897 412 801 15 396 901 900 365 931 818 958 805 650 21 382 361 491 246 800 837 681 521 869 270 973 318 733 486 994 729 346 19 229 565 928 629 834 566 143 584 686 41 182 926 513 593 902 460 871 245 257 701 425 145 103 924 436 209 850 495 833 364 28 865 236 454 187 418 666 189 54 952 140 553 768 960 636 927 241 410 950 795 144 430 898 93 399 579 534 212 34 648 340 219 489 80 823 330 478 889 620 755 108 971 787 210 58 861 537 761 892 2 324 746 135 820 946 114 783 596 357 403 891 810 531 618 737 437 741 175 445 841 682 827 882 18 554 527 122 449 128 933 808 244 501 964 646 967 420 40 884 306 8 249 101 798 815 235 988 332 948 225 504 612 508 673 485 610 543 321 651 251 431 689 147 661 683 487 633 200 849 266 367 360 880 875 378 642 916 273 627 753 839 886 154 426 146 700 50 752 607 276 573 325 667 765 576 467 929 585 814 98 911 295 371 577 186 148 414 336 497 310 256 766 996 551 211 162 609 150 334 404 695 704 922 934 455 625 7 240 947 575 602 583 119 945 732 238 557 230 56 789 111 118 638 160 790 564 499 345 918 843 311 81 716 586 177 73 12 76 176 69 83 540 720 46 192 433 828 275 117 312 304 867 962 65 88 723 961 710 302 159 153 594 894 532 109 887 84 719 156 74 26 784 915 791 130 856 568 910 669 653 674 309 698 435 48 606 297 72 6 963 272 725 874 372 774 281 516 353 233 657 475 792 242 181 259 591 422 978 291 908 106 293 424 864 976 672 471 226 260 826 570 82 866 383 462 352 885 569 779 621 287 993 60 855 547 179 974 134 31 523 461 514 751 344 481 764 315 799 316 631 634 444 949 158 529 848 559 998 49 163 877 853 195 335 747 438 605 822 907 581 533 744 194 326 252 1 879 796 105 458 782 188 299 379 519 354 614 223 854 510 571 358 658 300 331 691 24 113 730 413 36 763 881 32 201 512 505 714 265 748 204 616 742 539 142 280 536 239 649 935 522 743 126 794 493 45 970 37 836 870 731 690 38 479 587 503 255 389 904 350 982 167 151 772 191 589 178 250 222 722 377 381 645 500 986 303 941 407 613 363 184 370 279 496 79 611 542 394 597 890 560 464 261 873 421 899 215 463 107 847 736 351 397 359 348 465 373 623 483 707 206 305 600 525 13 63 208 419 66 942 724 578 314 718 696 369 619 759 14 538 599 451 20 388 819 697 917 920 712 940 11 339 323 10 858 979 906 896 842 517 190 224 711 415 788 472 322 429 90 23 207 995 507 872 549 124 762 3 402 615 67 652 446 441 983 92 341 492 258 328 172 677 715 62 797 78 469 476 70 727 168 509 95 544 100 213 27 582 380 506 622 221 243 713 376 484 427 248 319 857 567 75 668 9 104 343 164 152 149 5 308 398 984 338 247 771 981 592 138 298 601 127 860 269 692 408 490 17 71 442 770 457 277 832 548 675 97 943 366 384
765
765
758
632
536
334
780
393
323
579
362
635
827
325
79
54
995
638
118
52
188
875
31
603
890
634
837
541
851
146
770
968
911
880
953
799
214
85
192
889
664
907
876
492
232
955
898
228
945
16
632
134
243
15
89
133
650
926
674
853
424
796
822
335
28
775
135
594
860
679
484
877
938
712
721
171
668
619
751
965
987
383
99
230
398
540
364
400
818
390
254
242
187
76
578
215
203
65
162
415
96
646
292
35
710
13
558
730
984
661
696
971
396
147
554
146
688
270
547
506
660
801
749
199
229
679
767
784
96
929
199
192
927
844
579
637
857
489
368
194
150
64
517
546
211
71
693
251
341
592
758
354
745
859
553
974
538
320
110
986
249
309
178
176
153
110
814
363
599
534
909
102
598
426
648
161
850
693
765
191
285
875
897
382
734
451
708
624
123
818
610
373
480
140
901
985
602
67
348
202
601
609
304
551
36
304
713
886
350
830
429
635
705
327
18
439
130
726
415
253
897
377
978
377
517
880
362
120
947
63
674
901
672
330
452
60
986
517
298
336
347
80
324
52
407
694
843
889
420
258
142
669
635
473
46
505
353
409
977
652
824
651
553
848
333
6
909
319
523
207
656
223
287
980
275
46
674
119
287
446
377
782
116
365
255
514
870
608
275
847
612
99
850
166
948
535
172
209
854
47
768
862
270
56
842
898
454
868
17
742
667
746
524
135
463
779
649
333
739
277
532
351
376
734
869
676
269
41
237
476
441
6
338
63
414
533
961
868
753
330
962
420
429
838
555
892
969
557
578
708
834
462
412
562
197
281
591
818
675
828
294
468
186
633
531
600
518
845
821
271
527
783
692
956
622
599
201
943
508
779
652
342
593
416
257
142
697
848
961
724
28
607
192
215
592
76
815
110
921
636
382
448
772
426
757
746
377
958
689
886
89
693
228
682
109
837
825
159
685
138
883
66
745
428
281
338
504
448
800
777
85
534
577
209
960
334
955
338
292
996
224
733
690
804
768
151
642
945
662
679
83
898
745
180
326
378
870
182
827
671
959
264
205
888
473
518
223
780
208
867
128
784
601
170
588
369
322
582
666
336
614
749
234
359
281
912
90
152
94
917
175
405
181
380
294
6
898
869
138
458
736
266
242
689
437
831
410
111
765
76
447
379
825
34
91
459
946
181
611
393
450
786
798
983
518
444
341
769
313
479
227
402
97
470
91
886
653
502
997
770
578
797
150
756
831
593
215
129
126
826
522
928
964
673
911
482
469
252
251
135
83
831
537
532
301
628
419
306
130
768
76
709
565
578
465
748
523
32
230
649
858
104
929
822
777
840
656
599
444
260
734
879
91
271
412
744
899
831
50
382
951
478
443
869
57
260
617
580
292
199
582
150
304
511
324
81
704
332
32
500
592
766
380
35
37
144
779
937
975
181
671
926
660
114
147
717
374
765
649
666
316
231
168
620
95
844
54
799
176
86
299
121
853
31
156
890
175
936
179
502
469
850
781
129
964
928
198
690
45
848
356
362
431
524
982
526
368
388
677
897
827
977
18
680
360
174
922
536
462
454
38
932
304
819
413
621
748
612
311
145
812
20
507
243
544
842
122
265
230
799
162
57
128
180
89
489
706
364
377
169
818
415
453
122
587
218
95
687
830
759
832
994
779
340
238
323
534
712
940
116
511
102
526
992
634
615
481
341
979
210
862
149
625
667
272
564
885
719
251
68
478
436
62
609
128
652
285
662
364
225
778
228
680
304
220
314
272
53
7
603
263
221
753
240
888
377
805
126
448
408
194
279
844
256
888
972
909
173
986
625
399
765
853
79
421
73
745
45
478
105
1
741
326
754
982
567
483
139
693
931
547
239
210
744
495
451
68
756
624
55
734
375
820
587
454
593
13
552
991
491
9
992
585
687
98
567
254
581
58
299
864
957
538
427
701
386
878
770
494
502
177
228
878
349
168
684
942
181
588
933
24
597
277
609
285
375
528
891
956
586
191
821
544
81
600
597
467
478
719
962
980
896
542
210
245
710
895
188
243
483
473
268
433
751
877
718
126
406
961
435
344
152
608
888
234
208
486
53
686
205
15
18
454
910
229
699
972
476
239
216
311
713
484
744
816
713
814
294
471
776
81
816
280
689
704
514
249
542
568
287
100
935
306
554
197
535
253
170
363
493
386
674
558
222
771
726
287
585
20
759
713
102
575
994
143
631
860
393
174
780
32
626
68
338
180
265
225
785
787
588
630
173
615
188
747
386
266
35
971
287
794
37
741
721
383
236
352
243
981
878
376
14
504
444
352
36
61
930
822
849
518
452
374
133
993
122
871
259
157
195
898
303
232
991
24
615
228
728
210
561
607
938
575
111
382
280
500
796
562
322
997
432
126
371
566
119
845
789
379
354
984
629
657
216
621
33
183
849
762
746
410
369
684
338
832
419
970
332
567
532
6
564
964
133
935
882
252
781
672
983
135
656
613
145
225
586
178
760
435
940
506
197
661
543
887
494
314
857
178
881
741
185
445
706
670
732
940
274
865
612
610
353
621
223
498
198
161
28
958
596
969
817
145
630
712
385
476
26
242
7
907
336
192
352
42
214
436
982
488
302
947
98
655
920
673
505
118
834
533
76
782
502
245
280
485
957
665
313
983
259
320
890
595
864
594
989
78
31
324
919
685
271
17
340
191
691
845
661
877
730
737
660
585
983
940
70
292
957
735
276
216
408
518
812
272
465
153
703
848
477
622
533
100
639
225
643
682
422
304
912
152
394
572
737
377
864
159
669
821
895
297
389
303
816
553
927
633
707
630
481
536
604
14
637
244
591
632
278
13
937
190
517
331
114
255
60
978
766
81
151
13
731
893
668
547
446
596
180
153
578
13
690
183
27
679
779
970
311
57
983
600
248
500
931
714
107
343
693
226
777
196
239
508
89
908
407
888
856
939
41
434
952
83
969
331
114
748
301
778
806
636
378
406
488
662
120
948
357
165
174
134
714
413
994
155
673
401
43
529
692
437
316
644
872
285
327
987
34
628
765
192
616
495
598
105
157
70
53
515
588
579
1
302
992
996
457
666
397
501
547
90
938
863
86
810
149
414
149
535
394
266
727
363
762
677
468
271
99
873
786
687
452
140
989
796
136
799
814
885
300
362
975
590
577
414
752
726
180
254
261
926
520
340
289
282
17
109
554
117
334
692
156
138
832
146
935
320
945
101
206
597
815
533
539
393
947
291
471
479
545
85
406
418
425
695
700
795
157
606
264
491
651
420
630
835
566
917
156
863
18
362
812
186
247
351
579
195
995
50
674
892
135
432
310
913
128
363
708
637
321
972
128
324
392
110
160
311
27
668
526
398
382
339
584
629
42
515
176
37
917
851
282
53
635
592
318
763
307
26
752
629
350
881
953
742
343
465
405
371
133
932
121
515
623
57
497
665
572
673
55
841
876
337
894
512
929
564
627
589
590
380
218
940
613
171
35
956
989
440
679
122
724
800
990
347
209
487
13
133
160
420
975
37
757
221
901
38
786
528
627
728
908
845
669
521
369
56
478
358
848
157
832
573
310
822
272
519
661
637
5
822
57
980
211
814
201
112
205
339
640
832
68
901
30
89
422
751
145
252
461
345
762
645
270
72
468
543
943
481
180
300
303
590
280
866
756
834
978
961
173
971
146
241
224
528
682
998
631
827
251
444
525
365
89
795
789
909
690
84
391
223
385
46
813
665
913
569
851
243
883
377
566
381
970
790
909
653
789
892
832
392
336
357
757
425
153
546
687
843
630
78
66
15
124
231
33
37
801
236
633
36
613
199
417
584
990
678
589
131
570
421
523
258
779
280
35
284
826
722
479
456
800
898
824
277
129
857
666
282
93
299
318
707
499
87
643
841
765
232
972
687
5
847
945
136
127
333
420
305
55
252
761
208
150
937
485
279
794
151
562
888
451
232
947
302
672
942
495
437
526
819
477
531
666
774
668
145
107
440
450
163
692
563
371
842
501
208
474
295
359
388
535
810
620
834
464
292
776
959
82
654
778
559
186
796
685
206
941
793
646
391
308
339
955
31
533
808
239
7
103
950
395
991
113
368
825
577
12
954
889
94
960
19
5
146
816
691
704
757
836
703
501
496
42
808
879
927
616
118
935
71
68
682
414
533
50
592
111
63
898
0
509
858
19
515
357
187
558
61
297
746
764
150
242
158
310
121
86
926
591
373
349
11
55
764
545
458
708
8
521
606
8
30
464
379
897
821
919
807
235
216
553
999
718
795
510
28
268
948
306
211
673
655
223
80
771
768
538
479
776
411
85
136
794
902
867
43
723
786
851
958
354
404
310
72
552
172
452
172
472
758
384
145
414
607
225
537
727
116
369
855
527
454
991
673
708
210
717
432
349
568
742
55
324
404
480
228
928
932
401
400
691
785
545
457
744
123
346
471
239
715
678
118
522
21
792
230
231
861
14
932
781
109
988
105
513
468
334
442
752
87
194
795
224
740
604
968
863
951
791
454
666
469
572
540
490
716
771
73
577
137
6
358
246
346
816
760
166
502
554
918
589
748
66
813
840
670
133
55
621
924
509
640
745
434
180
587
150
303
660
80
441
18
438
687
716
606
799
882
108
705
153
697
806
219
862
646
889
995
54
863
919
915
503
16
349
35
603
852
339
264
932
132
634
722
819
351
329
619
233
437
676
738
487
482
309
349
481
551
345
535
414
616
802
269
633
504
304
236
356
995
852
640
127
839
714
299
190
395
270
775
833
946
866
672
429
175
21
910
726
718
797
492
335
951
761
320
455
418
908
163
765
113
155
893
952
870
544
494
265
814
269
450
760
135
122
541
311
496
803
389
214
600
882
901
904
643
221
359
413
482
523
179
595
678
424
547
900
968
393
518
782
662
968
894
150
91
436
813
587
239
202
153
192
436
55
96
432
628
455
845
110
330
376
57
361
800
956
613
120
349
131
254
12
100
501
514
543
937
679
482
528
881
635
720
670
690
816
102
671
624
947
781
306
676
839
667
828
795
281
949
497
764
555
509
864
56
375
407
993
54
889
522
287
877
594
957
567
763
411
238
739
359
372
45
387
563
65
215
710
698
164
207
462
72
68
327
128
443
86
474
849
328
348
489
205
942
446
124
57
858
715
796
569
87
842
956
2
907
523
712
957
40
920
419
112
340
98
592
784
185
66
985
513
414
474
70
709
273
194
766
483
909
915
52
996
757
360
350
16
883
63
973
923
335
744
387
675
843
980
811
380
46
797
245
813
623
315
874
896
509
992
379
419
907
783
767
16
495
118
32
731
533
357
6
868
454
394
895
297
374
707
29
772
856
274
937
479
589
163
728
450
156
459
869
415
595
989
784
90
459
168
173
992
526
180
860
980
926
107
629
300
814
658
424
670
284
714
502
225
877
582
675
385
41
897
153
988
886
937
79
697
105
252
689
983
784
901
315
710
8
296
362
175
954
787
197
590
853
699
815
730
633
491
468
675
740
621
663
978
558
94
675
15
699
364
999
835
617
666
546
625
963
908
800
269
47
998
860
900
49
27
983
683
518
451
710
258
424
725
588
982
172
263
349
223
627
700
58
596
367
604
222
682
865
374
951
264
724
163
517
774
191
500
809
61
303
871
672
727
596
260
61
120
524
410
343
503
111
402
100
830
358
674
512
223
400
815
488
125
979
5
251
522
857
412
583
160
283
607
239
231
868
300
704
744
710
47
599
173
449
51
3
808
725
515
383
478
331
871
603
662
228
206
184
85
970
119
597
253
727
836
836
947
488
540
43
551
940
642
724
741
694
80
901
771
947
285
249
630
508
204
292
89
762
828
526
732
300
124
337
27
312
526
326
153
418
369
704
358
363
780
452
57
212
353
181
160
990
782
790
499
339
435
940
101
615
466
186
915
942
523
294
607
401
620
760
820
341
816
530
57
948
982
466
161
688
647
321
678
782
463
529
121
250
469
222
866
936
760
133
878
636
428
485
37
400
597
209
94
413
740
151
362
74
617
523
762
617
196
441
399
11
322
520
614
792
94
480
728
855
613
958
491
393
796
528
794
393
90
240
159
830
391
521
256
8
396
19
625
944
812
24
307
134
896
921
926
991
401
6
846
367
317
337
112
113
217
258
858
659
498
17
841
889
890
98
250
286
117
875
582
281
252
890
415
148
811
694
139
565
700
337
932
17
26
396
482
596
655
341
255
153
358
97
43
249
195
293
887
664
520
470
945
124
712
360
273
523
54
764
88
107
102
372
476
128
769
959
724
776
300
332
929
10
429
324
611
976
969
499
640
490
321
585
614
33
297
239
908
352
4
349
811
458
721
287
938
842
246
15
618
898
347
548
909
776
872
520
104
842
371
744
684
44
681
650
429
978
890
690
682
246
39
493
56
760
781
994
955
379
9
573
278
356
473
539
484
698
411
588
540
783
684
576
179
365
226
961
344
468
651
378
66
690
872
122
802
5
117
757
384
478
331
14
835
156
553
671
854
965
612
746
100
296
322
279
14
901
592
358
369
243
88
436
285
960
910
88
317
27
197
702
858
880
68
693
37
622
716
891
587
328
638
687
977
312
318
991
213
263
701
935
506
789
723
144
102
633
584
419
13
781
473
871
14
542
916
51
164
632
294
103
313
284
142
642
597
812
985
810
75
38
745
934
179
820
78
281
454
14
53
467
147
526
690
161
420
606
212
936
590
859
391
255
143
533
897
92
698
882
903
773
920
0
59
452
821
489
733
627
503
138
446
651
17
136
812
437
94
377
726
684
588
117
940
731
3
189
824
701
424
79
826
696
431
886
148
604
375
882
231
231
372
677
882
389
165
46
179
259
775
905
944
363
22
236
447
25
777
623
726
201
702
905
898
485
791
398
90
518
632
321
749
5
351
983
394
516
30
573
776
157
478
72
873
853
660
320
878
789
943
957
991
997
214
241
482
5
639
924
523
272
598
625
629
949
608
23
817
990
949
945
148
427
369
21
632
29
693
863
171
636
172
162
985
386
755
819
391
746
744
266
370
694
891
999
643
500
23
812
490
972
758
990
751
127
11
384
509
56
247
32
692
771
194
29
157
301
849
548
47
945
166
418
639
58
417
634
558
792
446
400
116
556
391
220
36
754
604
897
811
203
929
855
974
475
237
483
776
86
31
175
383
197
945
374
607
363
8
517
507
806
918
976
715
661
196
751
767
152
0
578
707
281
786
33
756
23
516
884
461
547
59
196
96
357
570
56
720
930
573
579
736
491
555
803
504
751
906
272
255
906
202
962
539
340
995
295
363
511
531
176
410
943
372
859
300
942
915
372
872
488
951
961
332
859
116
836
962
23
460
218
281
663
180
821
3
176
468
719
39
0
895
450
295
268
309
595
562
224
319
787
712
622
100
396
481
216
233
796
591
693
14
873
708
194
46
64
722
514
783
762
866
30
564
161
650
873
108
565
449
427
704
513
50
804
910
883
372
143
679
316
188
45
189
249
240
235
313
314
101
448
428
968
830
992
129
833
217
590
398
666
369
102
180
771
258
90
655
982
585
686
298
125
732
487
726
324
74
391
638
176
191
419
496
22
763
977
855
981
567
605
999
937
707
179
708
317
621
715
299
558
402
598
36
486
437
762
810
512
154
800
40
345
219
536
719
335
513
926
316
433
531
315
370
590
847
430
907
820
146
559
731
900
157
767
386
946
881
548
810
387
348
850
733
920
738
804
255
252
731
923
685
614
590
407
205
437
837
464
610
335
23
341
587
180
108
973
479
341
521
289
729
222
140
814
494
878
618
749
482
701
24
519
316
614
278
521
52
116
985
662
803
9
355
391
541
815
716
20
156
590
662
885
164
802
699
658
32
670
759
867
371
783
738
687
397
17
560
801
485
546
815
288
907
170
31
800
985
748
173
494
690
835
379
854
989
431
512
373
101
271
592
824
54
331
512
803
348
424
605
833
970
420
473
229
943
505
382
280
605
907
774
295
94
506
149
83
289
13
808
742
284
401
566
690
732
430
493
80
855
450
265
177
223
738
759
166
243
141
798
200
400
573
495
494
79
996
577
720
361
385
462
997
786
28
39
870
459
885
950
666
335
567
843
558
306
602
76
901
95
875
102
495
800
949
989
231
298
918
951
659
656
413
9
794
793
48
665
252
933
967
270
269
535
114
179
841
68
608
94
516
835
196
11
635
498
353
218
796
271
169
807
279
582
816
74
375
865
739
980
798
706
250
419
593
716
951
786
137
559
881
653
746
429
16
381
927
369
599
723
993
120
883
272
54
699
346
781
916
437
761
67
496
364
838
89
432
789
876
569
700
757
574
446
186
591
179
466
312
130
541
305
250
424
930
304
476
628
438
744
66
551
811
562
915
650
3
700
791
231
621
492
340
196
290
527
787
470
345
451
600
886
757
203
663
39
859
139
667
297
235
733
849
47
647
116
49
651
816
840
882
438
684
223
986
975
102
125
445
447
576
397
685
685
600
348
724
460
839
392
109
75
477
958
474
125
75
523
128
243
715
10
33
400
585
19
727
39
144
172
838
73
921
524
758
522
872
483
334
64
227
443
139
704
754
613
181
829
488
309
72
203
672
106
955
257
477
682
297
622
206
135
695
128
11
805
2
236
288
336
300
867
131
791
572
885
404
753
66
892
63
491
447
87
949
403
344
426
437
993
400
644
129
95
772
492
901
774
728
541
462
28
409
945
819
333
183
575
438
601
819
501
92
267
588
41
22
285
468
459
278
868
103
759
316
227
252
569
353
332
462
167
361
223
113
532
556
648
108
995
249
927
848
342
546
789
735
568
426
555
380
704
776
835
816
444
63
420
365
768
752
827
936
465
51
401
998
959
49
106
306
298
385
155
992
932
296
728
852
722
635
232
778
411
420
946
207
483
366
572
603
471
400
539
936
803
940
286
762
341
392
69
640
778
576
984
710
872
64
914
594
700
147
724
463
567
671
671
402
37
243
5
860
643
897
149
798
189
435
913
531
828
982
523
958
910
507
20
134
572
934
728
272
81
804
87
0
475
758
754
865
2
760
725
997
9
874
796
198
310
61
81
490
395
604
448
305
112
820
439
684
754
519
308
188
323
395
540
799
506
295
664
508
407
741
857
416
968
5
966
278
66
48
120
461
652
920
118
116
740
557
800
846
428
460
34
752
208
575
903
714
222
919
574
629
660
783
45
628
789
363
258
207
411
730
669
416
650
787
532
742
697
685
589
125
145
975
229
353
902
132
419
124
51
993
753
64
777
150
44
918
514
303
125
277
385
146
693
36
934
578
130
983
263
719
108
760
47
338
466
949
822
885
426
874
231
531
290
360
34
334
278
900
989
755
177
375
902
223
763
188
801
893
171
416
965
631
176
12
321
642
313
144
528
91
370
111
623
660
471
657
994
101
557
336
856
86
711
110
309
826
650
462
719
821
878
36
805
407
48
126
49
714
270
929
805
640
40
428
652
511
437
999
964
346
335
173
433
398
635
94
224
286
557
295
459
787
332
264
194
732
743
244
446
13
173
252
6
566
32
658
77
822
657
394
168
344
567
601
742
202
696
966
840
605
262
300
392
946
564
939
678
307
183
125
673
708
729
31
274
113
41
704
935
51
98
104
395
17
57
138
571
105
456
412
710
70
712
455
16
628
394
695
288
577
820
313
637
901
344
912
14
737
968
302
788
418
758
184
435
815
674
358
273
482
770
983
553
834
438
569
815
832
264
455
761
436
768
751
337
464
663
704
201
983
6
342
401
764
878
188
931
552
546
204
34
669
540
939
855
330
509
670
515
773
125
276
562
245
27
899
61
42
955
263
377
961
957
778
77
835
966
9
739
865
565
773
534
105
713
389
788
574
60
303
699
537
579
261
135
959
513
196
353
468
811
731
782
768
861
211
603
180
572
342
45
138
468
579
595
533
320
383
107
380
686
806
270
618
420
405
929
285
953
634
105
765
717
887
533
931
99
137
111
23
479
156
161
299
87
109
832
407
844
939
140
883
98
410
853
870
167
782
155
120
768
260
237
486
500
771
417
599
260
880
622
739
36
136
39
475
597
223
882
441
163
22
676
613
784
529
483
303
311
638
776
432
898
13
270
398
136
39
349
396
919
324
136
307
812
527
782
409
750
664
202
265
39
879
878
175
408
713
479
72
351
607
856
602
620
126
0
757
165
702
153
84
378
641
743
190
520
525
951
623
541
505
888
932
736
119
108
145
832
939
569
536
546
777
138
518
903
490
275
68
192
781
504
922
774
599
112
295
476
415
270
17
921
158
302
657
629
762
154
814
701
75
350
599
852
488
117
107
330
745
527
875
878
383
797
652
982
262
299
458
677
569
828
950
728
130
960
709
892
466
523
945
894
225
544
98
713
13
206
396
758
733
271
988
117
68
641
451
330
940
910
360
510
738
662
590
220
974
651
464
793
175
409
687
400
305
137
466
670
343
862
781
429
133
769
898
553
410
349
236
351
259
948
213
349
610
155
569
937
806
33
730
981
794
769
734
451
906
552
122
602
766
903
31
251
672
929
804
83
630
392
786
242
340
351
591
303
506
513
240
312
898
322
646
45
91
732
496
997
284
618
599
50
873
982
301
546
263
457
981
894
850
767
136
542
118
79
845
976
944
437
288
195
759
934
240
202
666
88
200
302
59
151
352
932
134
5
478
749
815
459
643
665
578
131
207
48
563
405
24
859
842
665
54
954
951
646
156
618
735
356
272
794
860
977
726
346
982
557
95
797
368
91
814
299
574
374
699
489
779
76
349
621
741
755
927
692
754
84
662
489
792
287
635
652
264
713
998
246
622
446
396
343
889
210
642
463
584
693
305
715
769
6
689
862
761
616
907
515
700
921
356
493
208
343
145
472
409
496
71
31
294
467
374
183
29
368
998
966
62
303
681
831
309
370
46
423
987
953
290
39
874
999
532
83
694
30
555
103
526
978
487
172
445
213
707
827
582
705
793
996
361
826
179
22
549
225
797
536
178
88
575
53
439
460
488
133
490
395
589
368
374
76
540
171
289
247
998
223
304
143
219
665
322
399
40
871
976
837
759
155
277
686
560
716
146
400
202
988
795
791
356
